10000 10000
3072 8249
1025 8071
3280 5915
9926 4238
6291 1676
154 9087
4532 9546
9833 1
4347 9252
740 1482
2853 6380
1880 704
1598 7674
3148 888
5760 8909
7002 8831
7157 4378
3254 6788
292 3179
1025 6582
4854 7530
2021 5737
7076 8205
2089 7774
7456 2828
5607 6661
9208 3839
3716 7157
1512 6863
4397 3623
2124 1398
8806 9280
5776 2059
2420 2419
5237 3444
5353 6442
974 3725
2178 4401
1929 618
8526 5736
3445 4132
2396 9004
7970 2463
2513 5834
9326 6909
5808 1449
4658 4613
7080 6785
6671 5851
5556 8259
9295 908
1052 6620
984 9581
1020 9264
198 9545
4999 9995
28 3747
5350 4350
6209 7862
183 1886
1122 5990
9686 2132
6955 3118
8916 3625
8968 4471
8236 8262
1730 5639
1233 2713
5220 2252
1976 1769
8148 3327
1763 8176
7073 7113
2525 9633
1326 9059
7871 8800
1400 7556
931 8354
7025 9846
8331 5993
669 6566
606 2398
2204 1839
1463 3775
442 9790
5544 8590
3116 7306
3117 6540
770 1993
2525 2096
1051 395
895 2450
7950 1825
804 1327
8022 5486
7319 5042
2051 4276
7440 606
2466 5254
4381 2908
1395 9924
7849 863
3581 965
7402 4351
2957 6278
2798 359
6672 44
9160 974
1868 6315
2300 6241
1800 5970
1283 3850
245 5074
808 2711
6679 5188
1970 8073
1463 9818
8935 5043
7134 2689
5745 6442
8966 4894
6800 5638
4937 5959
2963 6804
8626 5262
9397 425
1231 679
4275 7827
2104 5082
6889 8782
6621 8858
6854 4435
5027 2141
5829 8512
1181 1574
4953 146
6467 8104
2135 1404
415 5097
4559 9040
6710 307
9464 7940
985 90
2119 3088
1523 9007
8221 4495
4217 5075
8929 5595
3567 4758
4107 4747
6331 5411
1244 9149
9867 3379
6904 281
4827 7815
5672 1537
8121 1487
9476 9106
1577 7946
8545 9451
6953 3118
3946 1169
4544 2874
3115 8110
7631 7221
9208 313
2632 451
5814 2498
3829 2717
9130 8656
531 4801
192 5004
2639 6019
461 4215
3965 9005
3666 7269
8474 7611
4789 3017
6836 7903
1126 4467
1476 333
1131 459
784 6944
9308 964
6013 8437
5971 2895
9589 2514
7898 2227
4885 8358
2794 5201
7363 2811
2469 2188
6773 7257
5205 3608
1511 6330
4426 2986
3015 5557
3444 150
8852 2751
7465 4864
7539 3436
7759 7127
5949 5656
5706 833
4014 8499
2385 7728
7661 4853
9915 4433
8461 5119
8040 6324
7801 8818
9309 7167
4374 9105
7316 3225
1855 4780
4441 5746
8215 2199
9224 516
7854 4929
7700 8219
9779 85
5946 7439
1289 5861
8223 9750
7331 2615
2425 5131
1432 1733
2297 5805
7189 5964
5381 9044
744 9821
1141 5310
8371 364
2177 6225
5293 9877
795 1423
6313 6741
5214 7601
8953 3436
3702 2635
6050 2478
4118 7481
4211 2766
9637 1399
8730 1370
6794 5825
7542 7934
7486 5913
4650 9663
8489 6294
5891 9283
7716 8555
2375 9281
2507 7679
9069 2561
314 1470
5038 4431
5303 5600
7196 4939
6999 2277
2660 144
8101 202
4430 1939
2466 9079
1601 954
1724 3843
6588 9439
8749 8963
5072 1255
6641 4140
167 3306
5609 5205
7736 7263
804 4932
8554 4154
3560 1213
650 1661
7766 1431
3599 231
509 1551
7536 2232
1745 4124
8022 493
9438 9445
8099 2430
9936 8266
5736 1897
3470 3471
9159 625
4754 7712
1131 8314
8925 1780
6326 3042
3210 6276
3273 70
7826 7160
8653 5922
7635 3026
2766 7072
2471 864
9502 2406
5481 5237
654 5302
5059 9813
5927 6165
7524 3409
4478 2800
5188 7155
2194 4749
3430 5466
4818 7607
8977 9822
3528 6612
2847 6293
3683 1669
3508 9536
427 8989
1124 1080
642 2535
892 6568
8699 4768
9976 9528
3919 1515
6682 6112
6263 111
7929 7432
7717 6906
7253 7596
3517 6452
3888 3551
8120 3747
9439 4898
9087 6914
5978 9729
9448 3221
2648 8146
4340 8976
7673 8259
490 706
4370 3105
816 8651
536 4884
5556 4141
2479 5424
592 2718
5326 5063
6465 1116
9961 5551
8030 5938
1631 7477
5510 4279
1975 9850
3254 5999
4460 3743
6705 5181
3199 7520
3831 3735
8756 5738
7875 1234
7513 4818
3952 2839
9880 416
306 9840
2318 8335
2129 301
5812 7639
4579 7786
3840 4184
136 4651
7926 6840
9831 7477
712 14
1211 9467
5751 5437
700 9616
254 4651
8806 6485
1418 9111
6325 88
7446 8453
388 9609
2443 1318
7394 2634
5501 3881
7284 9778
721 3467
7254 1432
3480 8464
7250 5582
252 4301
5197 6857
5304 4002
3342 6721
3113 6018
3160 6910
822 9899
6518 3265
1216 263
2250 6716
4143 5886
6494 4863
9352 3747
2646 9183
8563 6247
4764 5166
548 9961
2023 5851
314 1716
8923 9778
7733 2083
6687 8554
1981 3204
8170 3197
9818 420
6264 3961
2657 2757
5175 2008
2856 7821
1190 1418
4067 2305
6583 4614
2265 4957
6816 8931
6672 5739
8708 4404
4173 1747
2958 2505
1302 1127
2053 1120
7898 8317
1432 554
1073 6606
8913 3928
778 102
1697 4845
2407 4632
5810 1023
9588 8978
6305 6260
4716 1365
7015 8888
9463 9972
1392 764
7451 3445
8235 1700
8113 9666
8606 9185
2624 7518
9465 3401
3972 7513
4597 6378
2144 6759
3752 8084
5736 6409
695 451
7773 7709
5690 7235
4033 3433
4350 7835
3229 2585
9534 1341
8602 8139
6878 7577
2009 2694
978 5980
206 1926
8709 8702
8684 8812
6785 4419
5220 7479
1221 2992
5187 3262
6578 9219
6695 928
3405 9923
3512 2939
7616 8465
7429 4493
6042 9437
7186 3371
5416 7391
5296 476
2444 3980
9288 9228
4750 4507
6706 5971
7499 8245
5584 4076
3815 2278
1355 7220
8553 1218
158 6168
9683 3938
660 2076
3375 4197
5446 5142
7939 7093
5618 383
7424 4905
9610 2174
9411 2668
4496 3261
912 79
3689 4726
8709 5043
8297 7261
6261 4806
9780 2295
8744 6791
4370 8470
987 6167
9963 8925
9611 5580
5659 7035
6836 5269
5560 2599
7936 55
2211 5199
6485 5899
6276 5193
7294 4573
2453 3554
9378 8584
2200 4473
5374 2921
2942 6360
9087 9257
1637 5049
4836 7295
2083 8024
2563 7642
6974 6850
4048 9184
8400 6885
1435 1028
2077 8728
5600 882
8633 1329
9465 832
5802 4839
3752 5095
7550 9190
4351 9186
4238 5539
6481 2673
9914 5395
6666 6887
8597 7066
6070 3348
3950 3856
4375 6026
2583 6326
3259 7567
7655 9076
8398 9808
3914 8501
1254 1463
4042 1957
7001 4632
3847 9833
7304 3760
5227 321
6998 175
7386 9419
3523 7687
3275 7897
65 5857
4223 3323
3424 8229
2398 8173
4388 2663
3026 5641
478 7067
3949 7478
1698 7795
7310 5353
7906 8888
5674 4903
5415 9411
4322 5289
7098 7596
9537 7162
9804 111
6836 9579
8339 9234
4104 2726
8248 7129
4719 8725
547 8667
2554 2245
2814 6215
3949 719
1455 5974
5622 6869
5385 6295
2157 8834
242 1693
2347 6397
1804 9182
5976 6494
4767 6431
5572 3015
3559 6642
1739 457
5308 645
2701 4473
6859 3002
5192 8313
8975 7165
1533 711
9811 3689
9544 52
1734 1890
2800 9889
1072 5127
2734 5838
1557 8305
5204 1467
4946 6943
1924 6606
3939 976
1078 797
3977 2621
9110 9304
6137 6994
14 5947
7035 9558
2350 8768
7799 5150
5008 5222
276 7741
7412 8185
2398 2615
9651 7343
5909 7926
300 9847
8902 7730
644 9230
350 6105
8533 6487
3098 8547
8785 132
4456 1135
5251 2254
2636 258
7476 9263
4351 4887
7447 6748
7501 3450
442 3410
1375 7094
9608 6628
4823 251
2210 1524
2707 742
4362 5805
5640 3147
2288 95
4281 3891
2349 3268
500 6176
2530 4850
7414 9977
7949 4914
9778 4743
4675 7504
1836 4283
4132 6658
885 2693
4533 3592
3434 8895
5748 9074
2041 8035
5520 2673
1925 4220
5940 2425
395 8469
3626 4160
4797 1575
9074 4574
6317 100
2078 4504
734 2561
7513 1619
5253 2045
1562 5038
939 7309
463 9331
1695 5983
8355 3620
202 646
2396 6949
5467 6021
1108 263
3947 6533
1189 6615
2985 9618
1118 70
2178 8630
1688 3782
7027 9601
8819 7965
6909 9282
3648 4956
1616 2002
8575 8169
2648 7322
1469 8114
9694 8929
4728 3641
5461 2268
6607 4797
1885 7725
4867 414
2706 2906
4195 9732
2507 3014
4049 5767
8647 7696
722 262
6049 5648
4782 5048
9321 6251
9513 9015
5179 4241
9007 6991
6508 5613
1788 4745
9689 3006
5158 2395
5911 9353
8478 4769
8718 2526
6888 3716
6573 3961
3977 2622
9609 5110
7669 8929
1360 3534
4295 6538
4126 3301
3529 633
5266 1668
5377 4954
4673 535
3700 6935
6239 2178
8056 4956
4703 4943
8671 1276
8903 8999
249 4863
4108 4269
144 1820
7802 4438
8357 1927
4091 8237
8912 9356
9904 640
4309 928
7526 4361
4215 116
6538 2270
5071 7592
3564 93
5219 8818
5443 5467
33 9551
6088 176
7722 3889
965 6078
2168 5055
667 7431
762 6922
4422 1423
7850 1948
5783 8416
2063 2320
7037 3486
9911 600
9930 5130
5769 5373
6948 5801
1275 3035
2328 8996
3276 9645
1425 1795
1051 2091
5577 1813
9013 9998
3235 3214
8297 5369
1629 360
4040 8665
197 302
9264 126
1783 1384
5498 8731
3537 3124
8117 2216
2119 7744
1860 3544
9538 2911
5634 1466
1075 998
1464 661
4211 9760
6029 5839
6471 68
4503 6667
369 118
6793 8504
7854 8642
7234 1390
1766 1702
3605 236
9446 5465
131 5335
4727 2117
6801 2153
3114 8264
2813 7325
4375 5193
9515 846
1612 4018
7512 8332
487 656
6835 4692
5650 4068
6081 3767
2122 6038
4002 1567
7854 4133
3253 2580
6249 53
4732 5714
4668 3896
3038 9043
9088 8905
9888 699
9274 7399
9030 9760
4407 5865
4452 56
6284 6884
3822 8405
2921 4175
6323 774
4659 9576
9705 7259
5980 788
2973 648
4683 2362
6042 122
1266 5929
820 539
9679 6202
6651 4085
8418 7454
492 1053
689 665
5810 9962
1192 2132
735 5850
8059 6792
3109 391
3931 2433
7390 8614
1146 3431
5087 8764
9359 2259
9302 5389
8460 2304
5826 3229
6109 2669
4281 6798
3334 90
6759 4525
8574 3845
6726 2984
6988 9834
3374 919
8618 763
9532 9764
545 970
8527 6255
3228 4180
1644 8039
2836 3821
1267 8944
6489 5548
2093 9822
1989 8851
698 6914
9048 7424
9898 6035
3609 9623
6953 8579
6738 2836
4694 7282
3806 3220
3537 3385
3751 1532
1424 6586
5352 2690
1882 1840
4589 3974
8014 2930
9177 5063
9843 8224
8838 6092
610 2447
5715 3915
1025 8804
6750 5718
2437 6907
5289 5973
6644 5391
3856 8067
8329 5559
756 210
7399 1697
4183 1764
4626 9711
3178 4468
7934 2016
560 4896
4462 2626
8810 1838
7781 1911
3907 217
5170 5547
2542 1813
937 6397
9879 9265
1956 6986
5826 5706
8682 9
3821 3307
6071 6998
7775 357
9013 4686
5252 9826
3663 413
8015 1443
2323 8273
1659 3844
3819 4200
5656 1108
6949 1886
372 5256
8872 6198
7313 3905
2558 1133
7212 8628
8130 1338
8984 3495
2375 587
9672 6037
999 7687
7479 3322
2311 5489
7165 6130
6041 9173
7237 9341
1058 3960
4596 6281
6509 1908
186 9066
3040 3749
4046 7521
5086 3029
7367 7460
9968 3391
3496 966
7429 7326
639 9739
9166 7804
5868 5206
3328 9456
4546 737
3416 5493
7018 9924
7400 3555
5342 6791
7303 9387
664 2388
8767 4382
6199 8734
7772 6046
9700 5200
3371 6690
4939 8888
845 7158
4094 4172
6614 4991
4909 6381
484 8278
2656 4235
1832 7997
7378 9134
3735 4393
7873 8854
8774 4071
7587 6546
6468 3638
1745 6190
328 6683
5077 1172
3841 9170
1696 6806
513 2956
3186 7348
1233 5841
7934 9416
190 5311
4901 276
9703 9125
9129 8477
9547 6716
1374 6014
6705 3118
2203 3384
6153 7279
908 6345
2801 8955
9502 3313
1910 2687
7012 9494
4879 4945
8909 1420
6608 161
1696 2662
9285 824
7490 8831
3891 8863
4844 6948
8333 7046
331 4485
676 7590
7181 3476
6544 6682
3140 8453
5720 151
7946 598
1448 3206
8370 4407
3366 65
7068 2650
7240 910
7832 1131
9772 2675
8078 4456
6072 4760
5292 6748
8702 2472
6575 5245
9153 9715
50 1224
6217 4347
8174 4016
3905 6543
8422 7270
2959 1842
6272 198
9103 455
7680 8874
3130 2109
9682 5553
6869 4973
8652 1922
7445 5227
3518 2949
4941 3567
4173 7509
4266 2346
1525 8170
5240 6298
1791 8198
8139 8062
8395 3593
4869 6075
2467 4350
8183 8500
9902 1403
3472 8554
3324 7268
132 6842
217 1424
6760 741
8932 1025
9438 6808
5546 4677
3106 7337
2874 7596
1750 7620
1189 6618
3694 7
967 8229
8506 7221
9631 1977
2126 9307
9245 2257
2500 5813
3680 5611
2905 8963
2988 2342
5771 8533
7018 8876
5869 9891
6471 3971
7510 4011
588 7556
4017 7907
2136 8874
5127 8118
7203 3604
7424 6447
5860 6275
8611 5891
1886 1515
4853 1225
3856 623
9757 7225
5850 1978
3467 8673
5948 7328
2683 2887
4883 3052
7145 3370
1925 8623
1488 9127
2226 5263
1925 8085
1538 6887
327 9775
4753 5180
999 8608
2154 7107
2184 4356
9084 5650
3028 1383
2978 2062
622 4212
5113 7766
7582 3390
2741 9069
8868 4966
4331 793
9403 2220
4031 9729
8346 8784
1260 9344
3743 9766
2803 5927
4121 8238
7928 7148
9621 905
5561 6594
1469 7026
711 5402
415 3451
822 5634
8417 1504
2778 7819
3724 6809
3899 2069
5592 5159
7765 9334
1276 6919
1612 5396
5156 9540
8895 4776
6796 4455
7721 8264
7832 8432
3665 4598
1882 4486
232 298
5990 3009
4468 6065
9817 8367
4485 1760
9877 8601
7446 1152
5519 9057
2899 675
4948 8145
1802 1744
8951 9523
6359 6783
7954 24
1380 9835
861 1611
6485 3202
972 952
5618 7140
5670 6455
8900 1898
5055 6345
9401 6926
1753 2299
7600 6701
443 9401
4796 9394
5275 1154
2528 3228
1177 3907
9415 8390
1870 5899
7943 2841
6850 9913
9980 8872
6367 5231
769 1421
7927 170
8346 9680
2468 2297
2732 9263
8050 7527
5008 3324
8680 7535
2904 6209
7793 2318
4598 9662
8216 8892
8854 1417
8804 5186
288 5170
416 1057
2943 8343
1226 7640
4374 45
9937 7105
9307 4338
4631 666
7661 3310
8200 564
9518 5993
2881 467
2006 7448
5711 860
8865 4514
2397 9152
6036 2812
6560 5330
7506 7785
2969 1879
4182 9257
8983 9840
3594 9965
506 7607
3275 5057
8170 9144
1049 7403
5963 9407
4850 1673
266 66
2538 9014
5570 8573
1825 2129
254 9331
6266 3223
7561 447
8831 2896
286 2425
2860 7143
6383 6134
2200 4552
1630 9600
8306 7592
9006 9508
9264 5623
9573 8153
4636 5142
6726 2813
3623 6979
2143 9888
6553 6055
6686 1736
8950 3323
512 1810
466 6894
4295 2665
1445 5924
2264 6103
9867 7622
5610 5482
3244 1534
3635 7880
3028 6712
7044 6650
42 5538
2889 2947
1592 9574
4682 542
2896 5193
8703 3361
2086 2997
2377 9882
5273 993
5984 1491
8614 1593
6973 1857
3127 607
6088 6154
3670 3131
9155 3711
8668 2043
6657 6612
7968 1338
3505 863
2882 2207
576 4967
1555 2952
4849 3179
3944 7184
4670 8909
8777 1642
766 8255
8600 3205
760 8621
2688 6266
2331 7707
8308 5340
4318 2627
6677 7822
3489 9559
6380 416
877 7935
9720 2077
1113 15
9261 5782
8924 4389
3775 6041
2643 8726
5597 9754
7346 8284
6019 6029
2343 678
1368 6660
3304 4396
834 3144
306 7213
9912 1183
5147 9631
3259 2612
5997 8871
8393 4920
3259 8520
7312 5901
3597 2909
2006 7295
7544 8024
3323 9886
5053 1042
2898 4708
5437 3731
7852 2095
943 7763
3277 2442
3745 2887
5053 9741
1758 9797
1013 5016
4668 8324
7269 8265
7584 9274
1911 5128
3650 5233
1365 5054
2626 4262
9762 8062
7992 7613
6508 5287
1727 9784
4080 1823
9023 5484
7915 7132
5280 8927
8499 6300
3603 5767
4564 7538
1393 6474
9017 1394
8058 382
6447 683
995 6208
5096 5339
172 1604
625 8250
7739 1056
72 3113
6539 7987
6596 8170
3265 5095
4469 3219
7213 5384
7109 4957
8209 6125
6350 2618
2858 2797
9652 3853
5356 4748
9191 5528
2703 6167
3777 6793
7222 201
6258 112
4539 2853
8281 4155
4299 9102
3726 1512
4485 834
6468 9046
6958 2818
1663 6168
1966 1315
20 7321
2414 9210
9200 5116
1728 9329
8260 8949
9529 869
5412 419
3722 44
4573 8020
9145 8298
5883 9982
9131 2351
9027 2441
1520 689
4960 3485
2003 4979
7157 4416
540 2709
5883 2267
2037 4143
7567 7917
5011 2978
8335 5084
3021 2907
9456 2166
7557 5338
2147 3039
7688 7525
1831 5559
8213 6790
5395 216
1768 2552
983 8659
1612 6866
925 3648
7360 8491
1564 8722
7820 6250
3806 841
5508 9613
9358 3064
4950 7856
2455 8990
5380 4285
4548 9944
7427 9943
6511 5546
8846 7494
4205 6809
711 1481
456 8070
9972 8371
3143 4143
972 6948
1335 6479
2912 7044
5895 7862
1251 8349
3203 2982
8985 7750
2926 2763
4044 9436
8309 9241
3281 8865
6049 3991
345 2856
2060 6668
1226 5203
811 8549
8502 2145
5028 1414
9189 922
5627 6791
5622 8829
9773 958
2930 2698
3721 3326
8485 8381
8918 1766
7245 4967
5756 7589
4174 7816
4257 1752
9370 5067
300 4223
3563 5327
1988 9103
2600 7614
5894 4573
2794 5666
5531 2076
4715 5603
5401 3199
335 4318
4964 7579
5636 720
5167 9810
4887 5775
1561 608
7193 8212
4830 756
3539 6818
6210 2490
783 2103
7063 9929
4120 8945
2004 8834
899 3756
2033 1233
4425 3348
5163 6413
4067 6681
6222 5305
2456 4134
5912 9648
2345 7094
6755 2235
263 2965
1077 7397
5067 8139
7325 5539
3435 5680
4372 685
9435 2756
1917 3860
6104 3431
272 6522
111 2845
8179 2566
3330 442
2214 2026
7535 8968
613 4149
8284 1689
1546 3351
6179 8870
8889 5965
4550 9612
6649 336
2368 4917
547 4823
8347 818
1344 8457
14 9522
1023 9695
9964 9588
1721 3850
4907 2333
7999 3191
373 5896
2893 6551
1117 8133
2515 2018
4096 5515
2354 2815
431 2900
7637 8777
70 5333
3585 6435
4854 959
6130 1169
6898 7850
1371 1805
6534 5721
1347 6906
1616 591
9808 2732
5075 2322
4750 9170
4188 3455
1985 4618
6354 9621
9746 2775
4953 3330
9210 6159
641 1691
3679 7538
5892 5049
5694 8777
769 7040
5682 8736
3982 1841
1468 9056
514 2569
8226 4701
6023 6562
9318 8728
6182 9063
1503 7487
8744 7064
9997 5736
5106 3675
3274 997
5076 8967
9773 2196
2359 1806
932 6340
3646 8751
5396 4159
1319 9973
8859 3693
6534 4528
2420 9067
3590 274
6553 8685
3689 2901
4421 8794
6576 4046
9790 8003
3012 5914
6550 1722
7719 7481
8062 7716
2583 9809
1874 253
6133 7084
3945 2666
1611 2717
1732 1552
2990 4637
6589 6679
7537 7361
1824 464
1406 7966
4818 769
231 1368
2491 7950
5200 6904
2017 7783
6712 243
8035 2844
7326 8332
1861 5289
1048 9944
6840 389
4580 9780
3419 8469
7140 5243
5284 8545
9560 102
9314 9790
7821 1804
4091 3020
5059 6108
802 8122
2702 5189
965 6379
9872 9177
1667 919
9120 4859
7659 52
4638 1078
8520 1778
2672 155
322 2231
256 5987
2020 8076
4142 6111
7448 9200
8570 4601
7321 1271
9789 4637
7649 9660
3813 5668
6930 9285
526 4589
9336 1515
2018 4207
3292 4689
4361 9966
6919 969
2304 5290
5396 6446
7752 2843
1997 2673
7444 5670
295 3584
306 4296
3244 471
9963 6525
6107 6840
1113 5442
8354 3130
6000 7998
4170 360
4315 7440
1328 6618
9082 3076
9415 6833
5918 1412
5858 9713
7081 6152
3297 3738
447 2892
560 6761
9416 6666
3600 6881
8459 8306
6362 4458
6303 532
1170 617
4323 8849
3586 3404
1924 3001
237 4194
764 6094
3906 4196
8597 7202
4285 9044
6445 4845
5804 5861
7862 5756
9093 2673
4061 5454
3482 363
2337 4651
7331 6660
3500 916
63 1775
268 6651
5968 1031
9096 6226
1578 7693
9779 5863
3088 6224
7059 8891
8436 4920
998 7528
3944 5058
9333 7426
1772 1670
8428 9102
4681 8279
6370 4743
54 2989
1394 2373
372 489
4950 1949
4533 4729
7811 7620
7304 1221
2863 5739
2493 3860
9618 6436
8918 5302
213 7041
6971 8641
2495 8003
6919 5216
2746 3324
8204 491
5697 8575
979 6998
6876 1864
1726 4686
9483 5381
5907 2345
7471 8399
2557 7088
1186 1474
8742 1399
4866 5712
39 7360
67 3309
2575 2812
6633 7131
3302 8681
5705 632
5678 2580
2495 3756
3618 8330
9136 5876
674 6607
626 3230
46 8163
1055 8787
9561 2273
851 5951
9632 917
9260 8559
3728 5892
5689 3381
4572 7745
4012 6601
6677 2859
356 6646
1188 9492
8873 8213
6098 9498
7795 6143
7660 5201
1282 3573
7473 2132
9523 3457
3048 8782
2015 6775
1025 7703
6507 1948
1799 6870
8549 8475
9728 5256
5120 7267
4747 3992
1832 7196
9841 9626
9691 3853
1178 972
7425 8651
3103 3299
2107 2502
8433 473
9276 9457
4527 2134
1405 6325
9003 6305
1152 8731
1560 6271
2349 2659
6615 4180
9854 2807
3805 5896
6659 4983
3219 435
9985 2673
3734 8443
5174 2166
8915 801
1622 9793
2934 9378
6117 1937
2034 7268
667 3594
9891 3015
6252 2857
3547 2457
5663 3703
8353 2322
8685 7923
2756 5021
596 2841
3463 5769
5006 8729
6570 2980
8521 9503
8709 4638
1439 743
8257 8457
688 4499
7824 6939
7355 1370
5747 3018
5072 4099
1691 109
2022 798
5129 8969
3639 4944
4737 4996
3672 1306
4327 8545
7161 3036
9534 8599
130 7790
3408 817
8641 1231
4107 5995
8952 9853
5364 4023
3952 7054
483 2325
7852 5612
1293 1490
6907 2381
2837 6930
3687 7164
5474 7199
6551 5007
5797 6680
9149 5556
7496 7789
6786 1602
3783 5737
7806 9147
6112 8109
2552 6594
433 403
8557 8077
8244 5463
6810 1081
2393 6848
8244 4218
4046 4794
9225 6194
7825 8373
1750 1672
2513 4887
9625 6295
624 7430
1793 3087
5539 4345
9680 2323
1099 8237
6752 9343
51 3561
423 8795
408 8666
3013 4453
9811 2237
646 7635
6961 8747
5658 9473
3634 5282
2119 609
2711 264
3695 8249
4608 3374
572 5706
7962 7323
1400 8013
883 1822
3159 7642
6839 6171
2094 3001
8407 9091
635 1719
4190 6292
1191 7823
7925 9662
8431 636
9925 2125
8884 884
1850 5807
6589 6164
9481 4341
528 6715
6162 3686
4356 3001
9857 2801
2353 4615
8244 2988
6334 2433
5631 3876
255 3556
3537 5037
543 3461
3513 5778
4344 1714
7937 7285
7877 7417
1625 8404
4132 4138
2090 4839
3490 8298
7640 5843
2912 5883
5182 9245
4667 7164
9473 1273
7071 3009
6309 7613
2822 6173
3391 7165
7886 1327
801 2115
5095 8777
6870 9226
2915 5311
417 2756
3608 8056
8598 6520
290 3779
2116 1308
7295 1588
2580 4365
949 5240
1978 3770
1412 1720
7286 5649
9398 4439
4115 4492
3215 985
70 2481
6295 486
5237 9903
4893 186
2774 5182
317 1241
6489 7611
2829 5420
1975 129
659 304
3898 8422
2023 1183
422 1420
5621 4537
5912 5188
5521 2333
7668 8167
2818 9256
4421 7710
9442 7194
9243 6110
8435 2083
3720 7615
3854 2046
7743 4512
2350 7992
2933 4372
9174 3354
5792 1147
4242 8055
2686 9762
387 6705
4281 9556
5961 8701
3617 1754
2247 9211
7863 681
1293 7934
4647 5146
9979 8741
6009 2328
6732 5293
6700 2257
4998 8843
9755 9240
3249 2440
5353 9987
9145 9633
9542 1457
8334 3158
9562 580
2368 3776
7612 12
1709 8610
1509 8039
7350 3869
367 433
9161 3418
9041 4158
8612 5148
3397 1860
7587 5102
8198 3083
4734 7739
891 9419
7248 6804
9998 5967
579 3961
2330 8639
2570 3838
6678 6271
7706 3396
3055 3218
3165 8448
7375 1776
3595 7124
9987 7533
8577 4536
6968 3310
2274 7858
9081 5873
4662 5430
1839 1592
9391 520
231 8312
4357 3260
935 8414
6655 3989
7983 6171
2436 1709
4298 2382
5184 636
9915 3760
5171 6882
3422 7444
1091 2502
9668 5752
7931 7858
3696 3673
8377 3926
1985 9085
7185 2919
3850 191
3259 1832
6361 2047
3540 658
4428 8724
1293 4342
8835 6463
7575 2256
258 8666
1109 6277
769 9040
4134 4464
2712 2510
8389 1048
1594 1925
318 5443
8467 3577
3626 4827
1975 7165
1836 2754
2240 9480
3448 7427
2294 1022
9682 8903
9687 7143
5179 456
2534 9312
4919 5245
8173 9660
2645 9766
7936 2962
1560 6403
2890 1537
7581 1216
8702 9417
3970 7293
5248 7417
4719 7542
8438 753
6444 8125
4247 1623
4932 6780
7286 6202
2024 5459
5861 1020
1576 3797
3982 9488
6551 3223
1024 4131
4439 6077
3547 8408
9722 5147
2176 792
2688 613
1544 5483
5089 5790
3457 20
8921 743
6222 7297
2553 8434
8316 4128
8582 8649
9967 5132
1872 991
9263 2662
3419 9161
7421 3140
4307 9596
3932 3346
208 1827
8829 1649
3969 2285
1668 2889
9379 4241
185 1931
9027 8501
2411 7608
3501 2377
2740 5372
9719 2002
4385 9490
7514 1805
2629 1821
1400 2912
5166 7960
4739 346
9608 5059
2631 7627
7947 2009
8220 4484
292 7246
9336 9054
1205 2836
7782 3944
4560 7501
2297 8944
3342 9811
7101 2322
7983 8500
5234 9500
6459 6324
9846 2418
1382 8828
45 5680
7188 8264
163 7479
1861 5850
6532 3065
5038 4314
3361 9597
8166 5657
4892 1507
1819 1992
3828 6153
6844 5413
5653 9654
1736 1850
2072 9469
677 8468
5149 7864
3083 1663
5343 4943
7513 8226
4359 8902
8891 7719
8498 7056
9728 9741
4914 1546
1733 5094
4051 4928
6858 9703
4581 8594
1552 6652
8062 8580
5119 9562
6443 8201
7577 8137
9495 1441
6363 3854
342 1605
7924 5191
5013 7651
4931 6278
5549 3015
1371 9599
7942 4581
5653 2523
3174 3556
5526 7587
2135 6997
3501 8577
5197 1077
6714 1044
2517 9428
1249 9210
7384 9172
4400 2396
3175 9330
8674 8723
2345 6396
4673 286
976 325
9160 501
3880 4686
4440 2366
1682 4292
942 3230
5368 4007
625 4236
9786 1873
3445 7170
7397 7844
5917 571
3525 4590
9293 5869
7338 317
2507 8313
6993 8018
5166 872
2703 5957
9589 736
248 530
318 1967
889 942
6202 7026
2815 5998
4195 6563
193 112
7133 3717
1053 2777
5938 8390
3093 8444
3055 85
2813 4572
7308 5516
528 6896
2603 775
3777 2920
2741 1017
214 5294
8043 9380
7643 8589
5942 7835
5052 3074
7903 6105
5850 3840
846 5294
8635 252
1730 1448
4823 5389
3315 5350
2284 5917
2476 2412
5189 1568
3429 5402
3213 7823
4781 855
6411 722
5041 1463
147 2944
3919 2348
3135 1116
7641 1770
1368 9370
3217 6190
4758 6531
7892 3393
8799 6719
2156 339
4639 1936
5740 7851
9758 6872
5058 2521
7593 98
335 4091
9393 4253
6438 2528
1720 4078
4297 3087
9799 3865
9277 908
6747 3520
652 5545
238 2808
5884 4876
1095 7975
9079 7205
4847 4136
6077 8791
585 6411
2882 9978
7015 9319
8857 8734
9749 9505
1821 5899
3369 7449
6807 115
7320 3810
2011 3909
2969 7894
5137 4064
2221 4215
7620 7067
4702 3696
2209 5286
106 1442
1615 3472
761 6823
2205 6861
6327 377
2759 9695
7825 5917
9809 1496
6079 8172
5405 9047
2417 541
9462 4637
1107 7081
8055 5808
7128 264
7445 3585
1705 5412
7056 8817
2234 9261
2029 8561
5989 4788
4607 166
7056 768
1661 3134
8939 7065
8533 1355
3957 7994
5992 5063
1427 398
7222 8554
661 4667
2139 8718
78 5546
3886 8663
1158 5915
3575 7147
7054 8182
7312 461
8949 5324
9947 7887
2389 8479
9241 2697
2824 1584
7760 602
1982 4981
5508 8994
5999 3998
4063 2428
9543 4301
1091 701
215 4665
4199 3620
9198 7862
432 8146
3185 378
6032 1925
8856 1625
4622 8032
9560 8733
8633 7893
3713 4140
3239 6064
8137 3653
8491 4032
7953 5933
1084 4519
6950 5282
8138 6147
3143 8570
4293 6327
5299 6676
8252 507
4652 2873
8538 4212
1605 3522
2104 1669
4014 1694
4084 2150
5347 2575
2533 3299
4859 3616
7818 1808
8897 2307
4307 2039
7228 4951
4718 8879
1626 2969
9385 2630
2193 7922
6841 149
7795 5296
8169 1808
3342 2253
310 8688
1179 2842
1986 6037
6458 6155
4197 1706
4814 4855
97 8393
9805 4814
7271 7782
4134 6655
411 2678
928 3603
9178 8723
5251 7346
530 8592
5950 839
7279 7128
33 5616
9517 6490
8123 65
8195 2936
4919 4643
1328 1075
9456 8599
5208 9941
5253 1971
2618 2533
1925 1795
1255 7175
5493 1784
2118 1442
8975 5748
8570 9007
1364 4438
1848 5838
4502 6394
8773 5772
1037 6452
6846 6844
5050 2053
6785 6655
375 5754
9187 2300
7549 6793
9474 9393
4928 7944
834 3902
3691 5755
9260 1406
192 1107
7243 4693
3853 2367
464 4889
8819 3661
1732 220
2066 4868
3226 2440
622 8764
4739 4522
5556 565
3914 484
8508 1099
737 2198
6854 6349
3604 7045
7455 7198
1738 1307
9565 8553
2547 8383
2214 631
8602 4279
5498 1828
3070 2471
591 7809
6992 2499
8373 7257
2982 6880
8356 70
5429 5209
6418 5384
8605 225
2582 342
7883 2146
5247 6782
528 3812
7412 5481
4442 2909
3660 7511
5380 4251
5319 8723
6749 43
2332 6082
6922 687
2503 2351
2247 5273
7734 851
5497 6667
7545 9731
8812 2791
6512 5691
2954 3923
1172 7395
3184 4831
1257 4915
5433 6576
3637 8533
6618 5968
966 9892
3006 3469
8594 5252
5093 2679
6103 589
9346 9999
6671 8157
2789 3183
3848 2094
3457 1371
9488 6640
2553 744
7906 4338
3671 1543
9222 6641
3862 188
6532 3220
8 1477
8471 5100
4155 925
2040 3500
923 8710
8009 63
8244 8208
2156 1701
9578 7995
4692 8482
8739 2598
2819 8761
492 2041
5401 705
8580 8284
3924 8587
9760 8747
38 3915
6023 2077
3766 3298
7138 1774
3360 1734
9981 1868
9786 5910
9862 4477
744 4952
3426 3562
3713 269
1954 5465
974 6885
3749 1249
5471 9860
6347 1860
3774 2370
288 3892
5667 7426
5665 5378
5511 1998
7245 5296
4259 3459
9772 5002
8410 9550
4916 8474
9818 3221
3939 7143
106 4039
8392 1928
3898 1090
3788 7672
3459 427
1563 5477
4204 3579
855 9714
1928 4451
5009 6187
7909 1133
7540 6319
682 8807
1144 499
2028 5082
3994 8485
9120 8737
412 3018
9826 551
7041 3285
978 4955
5113 5181
4885 5967
1247 6813
6770 6255
9351 4678
7387 3242
7348 8068
2049 8492
4919 428
9925 8912
8912 9045
7648 5675
8414 3825
6226 1806
7109 3555
6760 2222
5087 7996
4540 6333
1160 1309
8940 6862
2339 6326
104 9686
746 8504
4529 5664
8931 4454
927 4194
9850 4926
6220 8263
8750 8797
6420 2211
2351 9531
784 3790
7526 5323
6474 8686
2984 5413
1899 5322
1739 2002
1359 8836
6857 5888
4499 2139
341 1777
6332 6542
3054 2552
4804 8155
1348 1223
6717 51
7105 7500
192 4630
9175 6665
9667 2158
2078 1566
3831 168
9919 1541
9003 6776
7428 9853
8914 4120
1629 1598
661 1034
501 1816
9188 8200
9390 2257
8250 6494
9756 8441
1124 8930
5106 7142
7439 3535
8707 7621
3702 4978
9162 2704
1753 2941
2556 7018
7061 536
4967 7721
7921 5467
5889 3460
3667 5278
5716 8268
1772 5472
3061 9247
753 4518
6388 4544
8052 1447
2164 8105
6424 7677
7160 4528
618 9715
7897 7678
6602 2864
1750 874
8330 3990
4333 8348
9268 6401
2968 7391
8224 6028
6637 8976
545 9376
9871 4948
7174 2035
3052 3597
6063 211
4476 6680
6277 2373
709 9230
1588 2459
103 9917
6448 787
4617 2067
7187 7584
9457 1762
3611 2445
7090 507
1821 6960
5454 8994
5346 8505
8943 1409
5067 9770
8088 1343
2142 8797
572 3729
7607 7026
9998 406
4164 966
2473 7703
8549 8281
9464 8511
726 6553
5369 8898
3513 822
7891 8858
5678 3185
6618 744
2955 4706
8438 1448
9854 5361
1529 3812
8738 7878
4217 2901
8843 3041
603 3743
1322 67
2253 2047
2971 7621
944 6483
4794 5186
1693 6823
4723 8310
7566 4029
9367 2355
5476 5572
7715 3356
9383 2804
1233 9952
5704 75
2992 2659
169 4313
9077 8773
2711 2047
6393 6
4882 7538
1544 6574
4360 6266
1235 8277
294 6954
631 2121
2525 4697
5477 1908
3852 3061
1859 9556
9488 1202
2214 9656
1867 7642
8429 4577
9688 1173
935 4569
8711 8830
7494 9422
5095 8729
7699 1740
5682 4681
212 4558
5730 2040
6465 9581
5101 4675
5488 4588
5877 4053
4243 4095
1694 2671
8671 1382
196 5957
5950 5258
4786 9796
4679 6232
8524 2377
4323 557
3410 4535
5114 9139
6574 7931
5071 8026
2605 559
2613 4833
4611 3208
5279 6305
2230 302
4038 2425
6258 6339
7682 7396
6134 2361
3627 4657
1089 7950
1565 850
8836 6679
9988 1761
4609 1411
9787 3565
1969 8751
4750 2931
1958 6380
5587 4188
6681 9624
6612 2939
5963 4294
334 2096
3006 312
3105 446
4613 4669
1296 3448
7699 7635
5209 8659
9045 1347
8576 7365
97 9677
296 2055
6056 5882
2594 2737
5506 9205
2027 7820
9850 2360
9915 9207
9023 3019
9653 3636
4040 948
7083 1738
8582 8643
6749 3979
6341 5324
1343 6438
5000 7990
4844 7407
3872 7437
143 5729
2993 2169
3548 2843
880 9814
8401 9903
9185 8053
3538 9576
9000 6972
1313 3934
1967 4413
7912 8307
9736 5606
1096 1087
3596 5939
8494 3819
9727 4988
5899 9072
7157 5798
8266 4388
5611 6666
4290 1147
4719 4179
722 70
1151 8387
4003 3117
2799 8266
1423 2535
3872 2519
9973 7467
4809 4818
7637 888
9806 3535
9959 6962
9332 8224
7701 1294
4889 1991
2441 5959
6169 3162
6029 7319
1548 31
6787 4347
4649 8210
3233 8520
7080 3205
2338 8240
4375 9974
5479 4180
9860 5437
7493 9191
12 5193
484 1253
7183 2924
7211 9704
2438 3239
3374 3985
9622 161
8331 4270
4722 1563
9141 8153
1120 7830
2744 5494
4155 8223
6025 4014
11 3517
9556 23
8709 6391
1275 2244
9315 4837
8299 1752
8076 1672
2088 4049
8184 419
4670 2905
8333 3810
7409 5804
7991 153
7649 2145
8375 3673
6158 4737
3541 2065
4759 8602
8455 2385
7197 4121
7222 5495
2224 1649
3518 4312
2049 1702
4730 6718
958 9414
6879 8367
1570 4869
8519 9218
7013 3245
9243 9522
4333 2783
1586 9092
1384 40
7828 8580
513 1401
426 2736
3049 3944
7047 5097
5645 8128
8166 6602
7542 5044
4968 9111
6264 9838
4680 9628
9434 3922
5501 3767
6705 7086
9210 4440
3478 3389
3020 3990
4790 3445
3077 4190
7388 124
5639 9384
8251 156
5986 2144
5200 7305
7606 7815
3495 2286
7443 9280
2559 2943
9398 5615
6381 4959
55 6210
8348 9426
6551 9489
9222 9627
30 6610
6102 2020
2345 4353
2176 4682
2848 3727
1987 454
1541 1833
9091 5335
1112 1649
4630 6862
7264 1010
1820 3670
3571 6519
3095 121
2359 2316
6099 8741
5277 2201
760 7622
2905 9287
2303 5752
3013 641
2557 906
8825 7999
6240 6289
9648 869
3150 3263
8230 1321
3284 1800
7840 6378
8272 6550
8693 723
5290 322
9275 2402
4295 2179
1688 6597
4282 1053
3590 6839
1958 2414
4837 8197
8702 836
5418 1851
450 9999
9524 3733
8151 7363
6462 6422
264 1507
3496 5554
1828 2770
4307 6122
1300 5994
9070 5582
7046 2659
8772 9003
1425 9960
3552 126
7148 5321
8329 7597
5319 7852
7682 3469
1566 4143
6243 1829
5649 6090
3734 3828
8860 8040
9949 6511
4034 5371
2092 7431
8029 7215
2786 9453
7175 2689
5931 4322
8009 611
8270 9679
8462 5951
9500 6379
6446 2094
8207 8446
8183 8293
8626 3394
6332 8574
9905 6717
296 8348
500 8325
5563 3285
4129 2737
5973 6411
3410 333
7021 1679
6363 1834
3982 5862
8212 6779
7955 2771
5224 6138
1063 3849
5883 3746
8775 5787
6815 9070
4135 7314
3746 9697
598 4227
8785 2922
637 2194
9606 4010
224 5968
5843 4205
8182 407
7335 6136
9529 8911
8625 591
9111 4508
688 7885
294 7502
3307 780
4815 3404
6828 1764
7630 5612
1037 4619
4157 642
8628 4381
2962 822
4937 1143
7580 2272
3630 7108
7534 2255
4050 6644
3114 4738
4529 9759
2239 4187
539 3406
7590 7366
5169 1572
9330 2558
6190 3486
9551 1169
4218 8864
1990 5507
6 9570
4130 9988
3029 1663
8594 7079
8306 1707
1816 9186
7817 406
3372 8355
3811 7314
2073 5332
5237 7754
4241 1426
7591 3791
2594 1809
2655 935
3667 9012
6856 7796
8999 9885
9458 3944
3315 4115
2002 5130
3301 9819
1887 3024
4525 2050
6689 6597
3733 1925
702 7973
3350 8293
1763 2295
6453 769
9582 119
6133 6437
7914 1483
2673 7371
5427 2339
1485 7428
3820 1137
3598 5707
4161 8123
7756 849
1071 1488
2774 1773
9460 2475
65 7574
1122 6517
4695 703
6635 827
3491 900
2309 2516
4622 4087
4854 6106
7867 8674
3595 1464
4380 7755
9586 8487
4955 657
9974 4080
8781 5785
2907 8845
9710 4028
1713 756
4730 4699
1582 4572
5598 243
7087 219
4329 1941
2676 8547
6966 2622
11 1345
6728 9596
6183 1683
6604 2508
2114 5384
4644 5020
4228 4353
5399 2292
1461 6480
3342 3042
1052 8939
9636 8138
5509 317
6430 4537
8863 3395
7158 8873
1091 3886
4821 7273
1920 1424
6132 385
6808 775
1757 7387
1480 7155
9679 2940
3635 3020
2333 4686
8311 1969
9175 171
2285 5605
4707 7499
5351 8217
6372 6442
8454 1192
66 6725
8967 6198
7109 5774
3324 8865
3161 4803
2372 9191
7742 6006
8562 75
691 6872
2043 6217
3395 679
1821 4453
8177 3524
2669 900
6317 7474
8443 6382
4198 7410
8931 7659
3183 2255
2875 2695
7057 5246
1885 1151
1251 447
1225 8293
3670 9619
4510 7064
6649 2682
1517 1177
6205 537
2077 2521
8011 6871
5255 8560
4280 537
2570 3815
2791 1797
2861 6200
7042 4746
7350 4645
1544 8574
9289 1565
4544 150
8629 1192
2832 6497
2368 5388
7033 796
4261 1395
7667 5867
6307 8298
6403 8876
8464 5546
672 1325
1745 4066
2422 9094
8710 3965
4019 4350
1881 8562
4500 509
6105 3683
7005 8472
9070 390
5620 9682
1784 3286
5548 8090
7935 8303
6966 6399
3848 3989
7723 5592
8054 6496
1037 3115
6812 1407
7465 8692
6320 1964
9201 2424
5646 2557
7247 1067
2946 2866
7101 4730
2503 9000
9171 438
7302 6136
6836 7501
6477 910
9444 882
3757 480
3997 568
8238 1461
9259 4557
9776 4811
6980 1773
7368 4227
2839 6665
3444 9939
7746 5947
5291 6917
6384 2592
9404 9571
93 5880
6832 5888
6762 588
6368 7110
7507 4605
4922 6765
5514 4697
7928 2493
6469 5295
3071 5659
8311 6515
1950 6057
2461 7240
2973 5196
9831 8728
1118 6275
4608 7949
2163 7721
4888 4882
1182 2394
5838 6103
5510 1351
799 3437
196 3619
5083 3266
9277 3394
9780 1226
9450 8592
8465 8774
3787 4648
7501 4904
922 8460
9204 9436
2532 4091
669 3713
2836 6507
9815 4698
4209 613
8134 4404
583 3217
7670 9860
2962 3801
1085 2411
2393 9550
7536 6179
549 5036
7435 1470
9848 6638
7258 2379
7081 7926
6092 6268
784 2258
965 4993
2871 9099
9396 9805
8667 7065
9664 1628
7218 749
390 9610
6650 7925
2140 7198
9312 9574
5019 9159
2564 2276
1538 9644
6554 3981
2263 7337
6238 3228
2329 5460
2326 8077
5265 7344
1493 4928
8971 8710
2028 9360
8319 5029
7284 459
8578 6595
6384 9949
2106 8947
8576 9995
4942 5129
3975 7205
8818 6564
432 7498
2024 9109
5574 3640
6452 7067
4919 1774
2128 3299
1133 447
4679 4768
7257 3257
7714 9992
9557 9819
8939 8132
9813 232
9613 139
3788 8430
6703 571
5927 5078
9679 1501
5069 2482
4919 9987
4255 7046
9637 1739
3844 4316
6506 7452
3924 4220
7444 3480
390 2734
7963 203
2965 7575
6693 3105
6004 9747
3675 8283
1176 9706
6135 6244
2187 7405
2583 2794
4450 2219
4532 4646
2886 1038
2097 6809
1609 9540
6640 1998
2273 4603
8552 1590
2177 5245
4694 4533
4991 4720
2815 6167
4425 5301
8762 2964
2705 1344
5757 3506
9915 6640
8151 2800
7677 248
5961 5637
9787 2600
7635 8412
7202 6186
1 5731
7782 1046
263 2773
5765 9429
5291 190
1081 4052
3153 3785
5396 5261
7290 1662
1900 5441
4461 5929
2040 6773
1565 1826
9373 9199
6589 2926
1737 2941
8656 9518
3986 5270
8642 9751
1050 3932
6292 2130
7984 5796
5914 9731
1056 9556
7744 2955
1348 8556
5235 3387
5329 6800
1564 1053
2350 8153
3978 438
1093 8986
9956 1431
607 8597
1181 1657
8881 7472
138 3216
3267 2404
9298 674
1959 7041
9980 9658
5596 5215
3044 924
2014 4607
1976 715
9111 2306
1153 6556
7643 7460
7986 8249
2408 9166
6257 1288
2989 2747
855 2607
5150 152
3280 3460
7192 9611
3117 9140
4825 6160
6415 3190
7118 4743
3905 6229
3400 1409
2784 1042
8868 7121
9290 7627
6286 1899
8915 5626
4645 9769
4584 6146
6273 4215
9605 9816
3825 9073
8955 8650
5232 1722
8191 8701
6464 8447
1281 9863
9855 416
904 5074
7536 6545
2701 173
4795 7967
2150 9439
4087 6733
1936 359
947 1540
175 1124
612 5481
9773 2195
7202 7963
7248 3665
2762 8528
9879 2616
5296 7134
4042 2831
31 3094
9356 4825
1060 1505
616 1498
8238 2551
8209 5536
443 8383
6659 7406
215 2783
5953 7417
7098 3200
7433 9859
8079 3664
8826 3374
797 2867
2557 827
2312 1912
2004 9723
3416 8971
1221 8005
1521 9429
3541 8315
4163 6551
5721 4377
5686 1673
1793 2783
1224 5578
2641 9302
9241 7818
9028 37
7037 1584
7216 9348
3495 5571
9071 3262
4541 6643
1267 2413
6071 1159
728 6585
4061 6448
961 9746
4472 9106
2528 2047
4683 1520
1348 275
5690 6727
6663 2726
8310 3878
8425 8156
5800 7495
7770 340
4137 9036
2753 6559
6546 9832
3143 606
2631 456
6704 7102
9561 5583
9148 595
3455 6847
869 9144
9926 7531
1869 4587
7761 293
2743 3560
4140 512
252 4628
5899 9356
7539 2444
9187 7033
9401 1817
7488 2456
5270 3400
8039 769
3994 1493
3967 4862
6988 3892
8745 8856
8479 6505
5500 7573
6416 5991
8084 6667
6971 334
6022 4509
9129 1560
1541 4881
9728 5381
7337 4997
8780 5375
2117 9126
3219 6084
339 206
6327 9083
5413 4805
1939 7264
2377 8355
3255 6812
1373 225
7145 3747
1085 6273
5306 2625
1154 1386
8005 4842
6382 3137
216 4851
2262 9786
934 2600
9991 7260
8035 5403
8417 9973
9018 7145
4679 2272
3957 6052
8848 7453
9798 9932
3726 1455
8909 1231
2840 3265
6072 5574
6401 2639
424 5014
2424 7709
3966 8766
1320 2000
520 9736
8324 9537
6881 3003
8161 7189
9054 3360
4641 5203
3292 4718
3009 2200
2300 5849
5464 4723
7774 8217
7361 4549
3230 6136
2257 7195
1253 9928
5546 1772
6016 3870
7661 9248
6872 5821
6436 2277
9180 7428
7479 8823
2146 6839
7374 797
2687 9190
5520 6812
7406 9232
1360 6987
5368 9968
534 2972
9896 6079
4744 2263
6300 8756
1510 3171
928 4297
1799 6459
1724 5629
5282 221
2468 9007
1018 1506
8196 2889
8318 1953
2120 9677
5292 3839
5997 5825
6811 2244
8255 7906
4506 907
6661 6015
429 3940
311 2228
398 8386
7856 2031
8607 6675
1038 5976
8181 5585
8864 6498
7538 7335
2526 2829
1174 4874
5005 4336
7117 9611
2241 1622
517 5253
3988 946
9192 650
9525 9589
9036 7380
1620 3994
407 9009
6321 8587
4593 1536
1436 2130
8870 3961
1310 6395
5187 2666
730 2303
2277 9322
3925 2793
4574 4264
90 3765
4914 9614
9706 3949
3346 7677
4294 3752
6685 614
2338 7629
2149 125
6111 1018
437 3772
3765 5623
6438 4494
7926 8714
3816 8202
7858 4741
2465 7948
4858 7378
3913 4563
7678 7258
8591 1971
7361 1627
2584 9698
9255 1084
9822 5365
2102 6611
9137 2218
2233 1926
6711 158
639 6878
8359 4848
1619 7176
9147 6476
4553 3060
7390 2231
6669 5980
553 4030
7606 3137
79 3212
4220 6253
8577 2673
2863 4065
1242 5095
2342 7953
1605 9332
1182 6315
4179 9152
3490 9678
1979 4395
9089 9368
2977 5757
1699 3529
6138 5656
3017 6217
8868 3589
8821 3796
2613 1683
4212 3855
3129 6553
1807 4733
5884 9340
1048 6414
4844 889
6091 6822
1635 5179
2542 4611
7288 592
4492 3425
6248 7508
5993 5115
1096 4813
8910 3709
2847 3121
7563 5976
6025 5721
7060 1908
1412 4459
8321 6255
5348 764
9429 6982
2294 1970
7945 9581
2561 2436
9358 5160
9943 1702
274 7391
2867 5535
7451 5713
8655 5013
8040 4679
7085 5100
2938 4848
9558 7611
1103 1257
8374 531
4591 7019
8852 2535
2952 7764
4970 2309
2924 1264
362 3197
8654 3228
8732 6104
8941 3738
7468 6980
4769 904
8431 4058
5752 7989
1668 6854
9245 6393
3736 187
3412 2587
2721 6363
6702 7690
5023 9625
5306 5384
2822 3959
4964 7905
6415 3904
7994 3882
7235 9114
1138 2018
3172 6889
6 4839
94 5602
1232 3829
5789 995
2767 4861
7357 9468
8903 2379
9093 4208
4114 8266
8166 9077
2522 932
9332 6867
1166 2919
5981 2303
4936 9152
9191 1293
3990 9284
3246 1573
9464 5386
2567 8582
247 6275
8049 9149
5005 3493
3356 9119
1758 7873
4547 631
8805 3879
7498 6322
3149 3478
8624 4436
2629 4166
5728 2970
9801 8973
895 9264
711 3461
7845 957
9736 2245
6457 1092
5738 9812
210 3847
4036 4757
4478 9192
4987 8327
5513 4487
1804 4136
8922 784
4653 4649
105 4453
9973 999
3716 683
812 7912
7991 6899
157 4447
7990 2246
610 4552
6092 998
5660 6921
189 646
1599 2054
1484 9754
2541 405
537 7194
1405 6994
1646 7729
4344 1714
4764 5155
9625 9106
8405 6133
3553 6395
8378 514
7298 822
1511 2957
4094 8052
9954 5693
105 1437
5446 2645
8193 2335
9838 9597
5680 7836
3677 23
9549 8440
1530 5525
7546 9934
1658 7450
2680 6387
7963 9977
3560 5826
9285 4006
3877 9238
6050 333
674 1495
9329 5218
181 5519
4814 2212
3354 4843
2235 2902
3282 116
4778 7179
6401 2787
980 5433
9174 5295
1761 9085
1120 1046
9442 1348
283 5491
8032 7309
3338 7360
2526 3518
2878 3692
5730 6231
8534 4316
5484 8167
783 262
5346 7183
3048 6325
2615 8573
1619 4376
4010 9090
1773 3451
6789 8407
8942 4820
5715 2279
2180 4593
2148 5057
4636 4229
7640 3169
4896 3123
1335 5678
9736 3032
2861 2784
5709 1827
7708 3679
2554 8069
9121 4326
1520 5909
2733 6813
729 4799
9091 2908
9391 7590
4316 378
1819 1955
3546 6714
1430 1233
2392 1165
616 1604
300 2676
3430 4360
6355 5984
2428 1827
6661 3947
7735 9393
7111 4815
544 6201
4074 6286
143 8390
6664 1961
6696 209
5026 8125
7793 3769
5642 8409
5372 2293
7436 5154
6652 3790
1137 9080
1968 4149
9378 9703
3542 6489
869 4085
9041 4943
370 9183
9684 3385
7495 2731
3594 8873
7208 7738
2641 2849
2498 8013
5141 9934
3166 1793
75 654
7224 2043
4802 2953
8097 4695
9441 8965
5131 4834
259 1853
368 6294
5237 4215
9025 5182
3087 6232
2920 5727
9080 5417
3739 572
1702 3256
8716 1777
261 5939
171 5063
8892 8267
6109 4684
3583 1240
5869 194
3092 6237
6487 8328
451 5511
3510 3537
1742 2781
5615 7173
4549 5706
7745 6251
8961 6460
4379 9222
2399 901
636 7642
9167 6744
8677 9101
4335 4546
9294 7426
7134 5781
2106 7584
7643 1967
7472 9385
4747 3086
6557 5647
8791 653
1897 4104
7113 2627
9677 5863
3527 6664
9856 9045
9759 8532
4498 4094
3077 3791
1519 210
5923 9976
4145 3566
1942 7968
9302 3040
1054 2210
8687 6196
2863 6935
6651 9975
9562 6327
2189 9440
2990 2044
4837 2749
575 9334
6842 4
9476 4712
6565 5399
1040 7062
5316 2981
5029 969
6021 2434
3178 1059
8630 6040
7993 5280
2366 3906
7959 4554
3346 948
6597 8182
48 3524
3867 6889
9879 3342
7953 6443
5092 8992
3504 6759
8324 4885
7727 696
7318 905
1754 5947
3296 9747
7579 5662
3652 5537
6567 3349
2836 9516
7882 2884
3039 1748
6124 2917
5090 428
5711 6533
5771 5567
3292 4095
451 7370
4790 7768
8274 2896
67 7922
2642 3997
3583 2645
5885 6501
5994 5072
6016 227
4307 9054
1975 431
8322 3416
7210 385
6300 2981
2303 9591
3427 2753
6961 4568
6872 1586
7463 3290
9507 104
7286 9441
9101 9522
2294 1446
4594 8309
1672 8900
3715 9998
5682 8388
3413 2892
8772 6065
2224 1074
5655 2002
178 8967
6569 7050
553 4032
339 6411
487 3977
2204 5939
3498 4497
7384 8091
2805 5408
3343 2871
5405 9024
1259 5170
8267 30
1234 6842
7456 6888
8843 3985
2207 5412
1034 9111
5795 7725
1873 6281
8053 4076
2220 1550
4924 5955
5993 4081
1362 5687
6951 6767
4710 8209
8288 9329
4591 9521
6170 8398
2760 5013
2382 4966
6776 9768
428 2570
7492 2301
5202 5544
6376 3773
3445 7652
9728 5789
1732 7441
1475 8682
559 2537
3243 8846
1865 4185
8366 4386
2582 7478
5750 4963
8795 2525
4730 9223
1446 8573
1523 6648
468 7898
420 265
1901 6499
6053 3632
3940 3880
8666 850
2768 1908
9696 984
2444 4413
5369 5025
1890 1119
6339 685
9995 1069
9907 1441
5993 1429
4440 6461
5678 4859
3077 7579
7710 5481
7562 8001
9360 6227
8850 2127
4486 8545
9462 6929
9310 4831
8305 1199
2301 4644
8235 8647
2064 8141
87 8056
5921 4526
868 7951
5737 3944
1881 9798
9425 5794
7798 5136
2021 2999
3615 2858
7896 3076
6139 7205
7906 795
8403 6558
5438 6638
5205 7501
1130 1643
1909 3403
2521 2776
1353 8257
3072 9585
4406 2496
5378 2203
3983 3750
1553 7597
2960 9448
673 9098
6652 4930
6244 1407
1488 1682
4396 3044
5534 5525
4686 3794
5279 7206
6570 2983
1814 5993
2567 6219
8488 4297
4773 2470
8046 6326
6419 7357
5773 7091
2806 8777
2020 9050
6535 3507
731 930
6550 2616
2806 7588
6410 8085
4793 9331
1067 6607
5323 9986
9177 162
634 3950
8983 8679
275 5401
2388 2399
2491 5193
1175 4511
4242 4061
4369 1324
4990 7271
3940 4148
1210 6701
2232 6002
6031 9650
8960 1353
5987 8137
1514 6620
2086 6848
1651 8712
2249 4038
1110 4739
9230 8637
5601 3472
2697 6322
4795 4039
9944 5086
8186 1153
1786 6769
3506 4168
6418 8818
5520 8757
3306 3385
5376 5391
233 3378
4102 8833
7415 1563
3571 6645
199 5524
6468 9248
8197 7614
3286 4492
9052 7823
5644 7189
4591 5501
1357 7360
4318 3228
6116 7623
6613 7844
9365 3197
1221 9818
2029 8636
1381 1951
1632 7931
3826 4451
3530 2022
8416 3167
6513 7467
989 8508
4656 1931
4009 2364
9291 4678
5591 1758
8653 8555
5953 8017
8103 7174
4187 6483
2161 1919
8434 144
6201 8611
946 9731
633 9361
2897 3497
3180 238
8357 4187
2168 8717
6550 1458
3394 8492
9568 8398
7047 5520
2767 5149
9045 6953
1632 1205
5223 6417
7700 1423
5027 8645
1153 2011
4358 402
1860 7537
639 216
1723 2806
8932 4624
616 8677
3115 6535
7075 161
2054 6193
1662 7451
3145 9645
8655 8367
2413 2707
6141 7439
1351 7294
5802 5708
4047 7661
9596 4685
4228 7670
3842 3159
2293 809
8187 5408
7343 1613
1920 5749
7805 9933
3199 7301
5929 8205
5667 8341
911 8160
2132 8614
5453 7933
673 5851
1945 269
535 6172
7938 728
5682 231
1537 3868
1990 8879
5481 261
979 3285
194 4177
586 2474
2382 2604
815 9644
763 2946
8257 2567
7230 5282
8417 9174
5550 5303
1697 9839
6031 7378
6421 3919
7597 8410
2797 9429
5023 128
2714 1568
4304 9651
4041 3037
8606 4855
9033 5721
4152 3641
4639 7733
8922 3056
3258 823
4710 4954
662 7092
8683 7082
1010 6280
1844 159
5708 6866
286 4773
8433 941
775 8825
330 9381
32 9362
5101 4183
3002 6091
1916 8276
9146 5173
9098 208
6479 9759
7299 1513
3193 8309
7792 5036
4819 9852
8253 5104
976 3037
2396 1751
1861 2725
7483 1892
2086 8935
2427 1440
5025 694
9715 523
2218 8812
730 8696
4923 4380
209 8115
9040 4352
9502 3858
555 7754
5313 7883
790 7709
5985 2650
6785 3467
4542 8871
8753 3320
6662 129
4013 2728
651 6230
1539 7732
4926 2813
8464 1486
7279 7503
2189 6780
7713 2744
4533 3025
626 5322
7085 2962
4324 3870
6428 5217
9092 1532
8536 2105
1660 2548
4832 8663
8777 2722
2746 54
5535 1209
1539 2813
5064 80
5945 2776
2823 6829
2152 9800
8503 5589
2761 2826
5810 5540
4394 4901
3423 2929
3357 1434
1828 8188
96 6956
909 2842
7010 2795
402 4900
1960 5465
4979 4256
8240 4153
1084 392
304 9586
2332 9416
2411 8141
1307 6804
9393 4729
6084 2749
6163 7911
7288 2610
4867 4548
5451 8228
7343 5853
3127 5654
1317 4458
9909 5909
8610 992
2652 8914
578 4983
8329 9340
3123 5988
6144 8867
716 8579
1615 3230
6490 5254
5840 7708
9801 1290
5935 7143
3494 5413
9148 1163
9870 9056
7071 8480
6400 9722
3745 6977
1056 8425
6316 4178
4412 8811
9396 5128
3742 1010
8357 231
6263 4196
4290 2415
1838 224
9558 1683
5636 5057
2845 1858
4113 9915
337 512
5988 4081
3840 7043
8857 6507
7572 3269
1670 6967
8396 5411
4328 3104
1993 6942
3652 6282
9357 1841
2857 5266
3523 4844
322 6368
6701 4434
2634 3389
1297 8622
7469 1488
5664 2678
7995 9588
5946 9664
6554 693
5074 882
3796 7066
4175 3799
9699 3531
5639 2555
8796 9162
3750 9118
1881 451
9903 4514
3839 7552
3135 7660
9039 5151
337 7033
4738 6282
3048 7643
6974 4473
4876 7121
7890 9051
7272 7588
2581 2910
6494 7729
8423 244
3198 303
694 3100
4817 884
7003 4303
8543 6042
5805 5231
9426 542
1512 2474
8185 4837
6946 3060
8310 4836
2110 5581
2423 1043
8490 5269
5123 3265
5512 8320
3567 2557
7771 4735
3440 4774
9038 8335
7167 4842
3565 6592
1736 5077
9065 6272
6265 6011
9331 4574
7198 7793
6506 5972
5187 1348
1240 309
4612 6751
4980 8178
5659 2750
9265 9099
3875 8302
7433 1041
9495 997
3985 7582
2425 3049
3853 5042
5411 9536
9615 8960
3680 2473
4932 5218
3820 6171
1878 8431
9274 6857
6608 4932
5958 2224
382 6185
525 4166
7225 6372
5163 7561
305 3939
610 4158
8980 2372
3693 4947
1332 3724
7419 6263
8941 1238
8785 818
9668 4410
4026 2627
5694 9983
4851 6075
2519 1727
241 6096
4450 1755
3656 4755
2045 4265
8912 1025
2989 8956
2323 4320
9031 9741
6934 7971
7330 2070
5140 6997
6480 5517
5975 8525
1851 7177
4599 4370
8904 1191
465 3353
9297 4120
4459 1342
4737 9722
8718 7725
8677 1040
8396 4059
7132 1681
8381 4461
102 3520
7809 2933
5388 3783
1457 7239
960 2408
1608 6215
9950 2072
5919 9247
2543 378
6940 7279
99 2009
1355 5128
3048 6102
9186 6531
4134 7567
991 4236
7438 8799
7168 2826
8933 8625
6416 6244
7384 8023
2458 7333
6446 8377
2931 8988
5106 9870
2619 5204
8230 3973
6683 1277
6427 5869
7807 560
9787 5149
4795 7224
299 8315
6401 9232
3291 2816
5475 674
838 4285
4358 3635
2661 7289
2623 7766
3510 1593
9321 1740
1917 6004
9368 8343
8224 3527
8903 8010
8675 49
1585 8974
8363 7986
4557 8005
7153 6383
8678 4343
667 3036
7977 9679
6676 6951
3796 6537
8543 3117
8276 460
5472 3996
5154 3695
7522 408
1704 2548
457 3288
7873 5171
7625 8781
9528 4778
5164 8205
9120 5830
7592 7096
5509 619
399 9304
7156 8941
8772 1783
5752 4243
5778 7258
4289 9651
7665 2344
8551 4473
5632 6423
5996 9608
1556 5523
4385 6719
3727 9856
2548 7671
3304 4408
4641 3702
64 1796
8994 8835
9931 1098
9430 5708
8355 3718
1711 6019
6062 6613
492 8045
9387 6487
7652 942
2009 8389
7660 2087
8244 6560
6109 7899
967 750
1600 1030
2545 594
6217 2475
1691 5646
4535 6397
5715 2597
2415 8128
9209 9258
6172 8595
5744 176
9537 4104
4916 3548
6191 9511
107 8651
7410 1074
9400 9009
8455 8297
5954 1023
7123 3996
3020 1657
392 8735
605 9159
6862 9813
8416 9386
4760 512
5913 648
4615 828
4195 7157
338 4302
5808 7747
1727 5207
3108 181
3503 9061
7556 626
9409 575
8634 6152
5661 5591
5310 8875
1755 3726
8260 6514
4237 524
7161 5203
1351 1356
2360 1688
2009 8167
5787 3735
9725 8894
267 9580
4306 7822
6557 3714
4749 5190
6218 409
780 1527
9283 8887
1604 3894
5400 5840
4417 8913
1043 2119
6620 9754
3807 8628
7920 9593
2362 3996
4838 2628
3575 9143
6802 6483
9209 1550
1673 5426
8310 8804
3304 7593
7690 4908
7838 9442
7099 8607
8354 8141
725 4973
7894 883
3600 2165
6827 2313
2513 1664
1292 2439
7159 4445
8922 2719
5994 594
4496 4304
5749 7799
8248 9791
9058 2437
5584 6157
1043 3937
4297 8120
5261 8543
9002 5212
7059 5829
7524 9571
3844 5167
2010 1002
9612 931
3720 1957
7876 4567
2612 9976
2366 859
6118 1423
9648 1701
7579 7042
1989 8228
5161 3601
3122 4163
8812 6532
6343 2687
2455 186
4206 4464
7540 3817
1746 7611
5773 5973
2178 4737
2300 895
1947 4770
8669 1594
6470 6248
8636 4811
827 148
4763 300
662 9927
6831 7004
8965 9285
3542 3170
100 7433
3338 8197
1395 5463
521 3572
199 2821
818 2145
7590 9487
3739 411
2086 8726
1573 9264
8873 6336
9563 9535
6262 2745
2890 5226
2030 6431
4748 8481
215 8085
6678 1610
3547 3550
1533 97
6370 2351
2242 311
1837 5980
722 274
1057 8646
9537 9929
4981 9099
5815 7594
8195 8705
9172 224
1487 271
5057 1702
8355 8086
3311 8254
1635 4843
8350 4357
3545 591
4667 1733
2922 1740
2006 330
386 1542
259 1718
6992 6073
5664 5187
1129 1187
1762 2616
1457 3170
4317 6163
1255 3979
768 9242
8821 9118
3598 2366
6060 4616
450 5334
6356 2456
5663 3093
349 2273
1162 7341
4698 3177
8879 5826
715 6992
8441 2171
162 9109
4686 7768
3087 5453
7009 8260
4570 6958
6977 6982
1574 7426
2315 4281
9881 4329
3725 230
6602 1238
3922 7651
767 2800
3476 1481
6143 8269
3652 6304
7377 4689
424 464
141 7432
8723 1063
742 2051
8044 8667
9476 6710
2947 9357
1038 3023
5938 3991
4260 9859
1641 5026
9010 1469
2859 5152
9737 6510
7808 7113
7550 8231
3928 7690
2014 9002
8752 2755
1052 3147
7773 528
9856 7071
6236 7246
93 2173
7588 705
8383 9229
2082 7392
697 4940
2543 6785
7801 6702
3897 5350
4932 4177
3040 6946
9530 8143
6052 6934
1290 3825
3813 7497
7247 48
1094 7340
8572 8682
4396 6954
4262 6477
4345 4958
7769 3239
1742 5569
9941 1990
7271 1224
2518 6662
8169 2048
1156 573
8981 8797
749 2793
6294 7995
9192 7387
1686 7763
2420 6081
4716 6681
8910 5412
7990 6678
5002 6083
8598 4942
8073 2220
6166 6942
8881 686
5341 37
7610 4321
5185 8358
3465 1478
2705 9008
5217 4390
6770 3988
6823 7837
669 5732
9600 8658
8761 4602
1093 3710
5895 5517
5930 2060
2458 1162
9098 7799
7550 6707
8471 2735
1417 8288
564 473
7295 5780
1214 417
9768 8036
8253 6788
119 4205
1797 8879
8806 2889
2589 4700
8405 4870
3112 863
6031 2209
5013 9933
5267 3483
2667 6683
1770 3230
7155 5417
5362 8369
5833 1481
2756 4085
8268 2875
4641 64
8105 3446
9305 7045
4498 7709
1914 3961
4923 4297
6169 6287
4229 1435
9770 3247
4470 7891
2828 7976
3307 8189
2696 9139
9669 5452
9576 4288
8326 4216
704 2782
4014 8
9827 8511
4068 8092
2471 8991
2388 4991
5277 2968
2777 1398
6214 3598
5641 9042
1574 8947
3582 4269
4438 9603
6072 4013
3890 749
4580 4593
3531 8593
952 3357
3455 5020
1448 2277
362 188
3619 1990
9507 2748
3388 5721
6345 9028
1114 7918
4326 1047
8539 8763
649 4610
9127 4539
5359 59
5483 5241
8651 6435
4949 8458
1454 2748
7086 1815
2935 705
3804 2442
3452 3543
4514 9796
8922 1979
4066 9600
3025 8956
4714 26
9917 3841
4564 1627
3899 46
6867 8901
6480 1815
3710 4285
4563 796
6099 3849
1500 6255
2642 1303
6149 7155
7450 5071
5485 1515
1022 4862
6822 5735
4887 6739
5927 5802
8365 6177
5847 5232
5078 8679
3398 8787
2963 7960
9582 5414
8161 7433
8020 802
8735 4168
4309 2537
5590 9793
4051 6611
1006 7225
2346 5892
3963 8272
1693 8679
4449 3892
262 5878
8922 3660
1016 1884
7971 6950
3649 6131
4382 1668
3285 9469
5836 7593
2005 1425
3737 2407
4388 4743
9631 6733
634 9945
1356 8679
8624 2156
8922 5237
8033 7843
8896 5401
6078 3219
2350 9727
5701 6731
7746 8985
2551 9933
2929 4555
1358 6666
3314 2097
1408 9296
8829 8393
9241 6536
3423 4216
8692 2344
9452 3076
6538 4700
8476 2616
4270 7177
8694 9970
260 2791
5307 2810
2724 8235
3717 433
1252 3382
2529 2659
2677 7709
7404 8269
4244 826
2484 9287
9522 8288
8715 2411
9339 3542
5026 3608
719 71
9929 978
2862 5235
139 1937
9822 3855
2369 1073
7236 4897
84 6265
2605 7487
4533 3200
4664 3369
2487 537
1656 1201
2948 7346
4742 4325
7305 5460
748 7233
2789 9961
8820 2928
1897 8641
6782 4265
6065 370
5513 6148
6634 8117
9986 7518
1316 1002
886 154
7890 8893
1354 837
6238 6096
1514 3542
7907 2261
7127 696
8573 5946
9975 469
938 3108
4733 7002
3477 245
3150 6462
4713 9487
3980 2380
488 1217
2534 4730
110 239
1918 2699
2686 3431
2593 593
2043 9719
7640 615
2016 7614
1083 2953
721 2167
9954 550
8763 9455
7011 9827
8942 7342
2207 5781
8559 4740
510 5020
1330 2428
7718 4016
2210 6662
4608 605
6380 8599
1219 8395
6212 8654
7699 3284
7172 7653
3833 5935
7107 7196
5761 2400
889 4319
4533 5799
5410 5042
818 6740
3821 4888
755 2383
1549 1714
2987 4281
312 4205
9027 2875
9210 6726
6158 6382
4378 6343
8668 7836
9890 780
6588 778
5099 1120
2929 508
2513 3746
7247 2686
4985 4353
5068 2886
6066 8054
7166 6377
8610 6192
9251 4172
9269 1761
6905 9998
8103 5572
7834 4344
6351 773
1473 7801
1892 4401
8309 4404
4499 1907
3441 9483
2612 8508
8720 8677
2913 5885
1406 1523
8429 656
5694 7697
8768 8950
4047 3222
4521 1880
7565 7223
2652 9038
5024 895
9790 9684
1650 4288
7942 5091
123 553
9950 8842
5582 2863
4727 6987
4385 9507
3994 6430
3555 2762
1731 7601
5983 6251
5832 3548
9825 4835
8937 4848
2081 8726
883 3731
3014 5177
5173 9488
5729 5122
8329 7662
7984 9407
4648 8720
8913 8642
1501 8820
7755 3231
6420 3737
5833 8604
3636 5658
3438 8924
505 5519
7650 7740
5601 7015
2916 773
6502 4996
5894 4830
2658 3878
4237 3657
8949 9501
8650 450
8320 6404
32 1092
141 5865
9695 128
1522 9484
9052 2026
1354 3053
6117 6954
67 9032
7726 2920
380 9972
4101 9389
201 4689
3045 9149
542 1695
5950 8861
8098 5982
9952 4590
1846 5998
4718 3367
5482 3769
1744 6835
6821 7861
141 3239
3244 7866
2510 9975
4189 6610
9363 4389
7651 2408
3538 8192
454 9487
3404 4903
1820 9708
9493 3665
5705 4210
7031 7538
4330 5127
725 7502
9339 865
740 2582
8730 9601
2557 2919
2562 8271
3659 212
678 7196
4755 7483
3035 8159
2386 4854
7866 1878
4871 9922
2439 8253
7460 6768
3379 8184
621 2717
9048 1360
1651 4129
7312 4207
3399 9873
8829 7058
6437 9507
605 1191
3341 9991
9349 5726
1197 3566
7603 6067
9840 6393
4319 3651
3160 7698
1834 3780
6766 7233
1491 8416
7713 5154
8974 7464
5027 7803
4521 1463
3661 1477
2653 7001
1468 8354
2727 2664
8271 6681
5082 8110
3074 9400
1760 2585
7097 9945
6365 3863
3529 4207
8630 7594
9361 7604
5057 739
5406 5929
2201 9066
7405 1205
2418 5224
5910 5144
4239 533
1825 9320
8642 1250
8720 6754
3834 2168
3050 6550
2382 2931
757 1012
524 6469
4967 5580
7207 372
1508 5759
5789 5264
6963 8206
488 9225
9702 4726
9757 7878
398 4750
9127 9117
7855 2960
7636 905
9510 18
3835 266
7381 4358
3086 2347
6289 292
9070 7796
2402 4858
3059 5716
9415 9898
4940 9116
976 1048
6993 1373
5798 2471
6841 3652
5431 4476
4556 4940
4493 4742
1557 1873
5451 4642
571 1739
1285 9640
9534 3686
849 8945
5753 264
5194 693
5731 6169
1740 9076
3893 7537
1546 7085
7541 6976
1561 8448
8267 2405
3190 9823
630 8640
816 1200
6731 2100
840 2616
2137 1688
1560 7890
8303 3106
4934 386
5626 6673
9461 9519
562 7358
6603 4454
686 4515
2901 8952
6920 2442
8775 3901
7434 5942
5100 4164
8042 2291
6779 6530
331 4691
771 8633
7796 5704
5370 3421
8729 4830
9291 5642
8540 2246
95 9225
6760 9347
8176 31
1789 3302
3931 5574
9244 5383
9737 3637
7673 2867
166 8003
7557 7289
2988 5352
2992 4709
5125 8072
5891 767
65 4430
3012 159
3654 6124
5858 1829
6154 3998
1483 6437
9571 726
1819 9307
714 5843
8525 879
198 6082
4519 9537
7785 3863
4245 2909
1934 135
3676 1999
4564 3039
8509 8217
9162 4366
6398 1668
8363 4232
8104 4285
4957 6274
3591 5670
2116 8468
2900 2313
4549 3771
1849 2333
7633 6094
1594 9566
6228 1621
7916 7144
1011 6425
1712 173
7142 4461
8192 1857
8692 6295
6141 10000
2568 6084
2021 1035
4551 4921
3348 9099
8691 5196
7783 2675
7641 5728
2240 221
3700 6508
7364 4711
2932 5427
4883 6425
9888 3074
8281 8579
5720 4422
8579 4639
6857 599
5673 1407
1871 9020
6857 6913
568 4639
9587 4560
6719 8179
4780 418
4686 8495
5128 3969
3922 6362
393 3809
5787 5026
8739 1506
5799 3669
2496 2655
620 8169
4061 8842
3540 917
5755 459
1907 1693
5019 4977
6223 6150
5395 7260
4645 6874
1228 4918
9588 7973
8726 5374
9350 7464
3232 5148
7485 5727
7802 8104
247 1862
6945 3787
9130 9051
597 7388
744 5615
2365 3318
8117 4111
578 2761
7336 8157
7678 6923
2481 2755
2297 1830
6570 5528
6977 4054
7606 4778
2157 7853
2991 9102
7991 8472
8152 8587
5860 5247
554 4576
4917 8670
5038 5494
7782 2373
3650 1811
9296 6131
4565 1592
4312 7486
3471 1289
1540 7428
6066 48
5280 5409
5501 3270
3880 5
8209 6091
1603 8762
666 6519
7431 5703
2012 1564
4428 2014
3374 3723
4496 4290
1666 8807
1775 1488
6447 9666
8915 8865
9714 4195
4273 1566
3816 4504
1570 2024
595 9525
785 7612
6043 4567
9667 4407
6130 4094
2772 9503
7816 7267
3792 5833
2425 1919
7320 5224
1584 6234
4088 7649
6780 8360
9215 596
9215 7136
8971 9809
6660 9756
3773 2703
674 3439
7109 6804
7532 9880
2658 1699
3498 2802
7531 2274
4720 1202
7497 6303
7435 1584
304 4215
6295 9518
1162 5510
6653 132
1670 3313
6239 5442
2367 6913
5232 9475
68 9115
5706 2725
813 5555
1878 4695
7828 6597
5896 1677
9252 9683
3260 9555
249 5907
5424 1410
7768 2076
1541 9437
1740 7780
1231 4106
1044 6462
9932 1111
5577 1989
3835 2741
7543 2065
3788 1723
8661 6035
3399 4264
5717 3010
3818 5965
8916 9241
7374 6683
7669 5267
2472 9408
9398 3702
9866 441
163 9797
1551 2091
8138 1737
4832 5680
3801 4971
7402 8814
1005 7152
3077 3074
162 3247
9038 9077
8839 2764
2112 6507
4382 4583
2267 3779
4636 8484
571 1150
4632 8473
3241 2769
209 4424
4801 362
9394 8554
9175 6750
5706 8603
9823 5867
1849 8861
1295 7040
7976 9758
9898 8709
692 8516
2487 5327
6999 9409
6477 1631
7881 6069
751 8089
492 5551
4802 6237
4105 328
2986 9810
8931 2809
2028 7131
8021 9674
4170 2348
9432 4068
1056 123
8935 9894
1802 5934
9302 8278
3916 7182
4346 4666
1622 1189
6569 6424
7425 673
3103 410
6834 2033
3218 8861
5516 7590
8534 6037
9937 4317
6456 992
4440 5391
885 6241
1324 186
870 5239
3719 1567
6256 5341
2755 2824
8116 179
9848 1218
6940 3033
9603 6510
8245 5118
4099 3131
7506 4036
7447 3962
1379 8238
9352 8616
4478 7027
8801 1699
8617 8872
3265 4872
564 2371
4048 8679
2549 3895
6248 5841
3280 5850
2350 1524
7319 6448
4654 4825
6835 2101
5138 8214
338 4489
6829 1168
1515 1981
2866 131
7204 2483
1354 7767
4853 5401
2797 3754
5648 9045
9594 8927
1246 1943
450 4917
4742 5104
9741 7929
3556 1230
6142 3893
5718 9322
5060 3584
7654 4278
3714 4858
6760 1419
8976 1612
6820 1773
5365 8819
7169 1310
7745 8414
3252 4546
3330 4346
6001 9422
2274 9556
651 4767
3449 2720
440 4860
6303 8093
9137 6368
9302 2248
7787 4630
212 958
6402 5576
9776 3570
3238 3872
8335 6489
8417 8017
7186 4418
7438 9459
325 4441
4225 3773
7160 1016
8633 9815
5461 4121
6182 4762
6369 320
5743 6580
1277 8496
8507 7404
8417 1744
1275 6752
4585 6044
4768 8122
6813 8557
7581 7137
2997 8157
7262 6509
9173 2246
6323 4633
6366 8856
5746 9086
9176 7841
2017 6804
6336 6876
4208 4753
4971 5482
1504 5907
7877 2623
4029 1041
1179 7961
8178 528
2469 5439
3388 7993
4036 9710
8977 401
4917 4723
5839 4092
8915 4207
896 5250
1082 5103
2 6053
6936 7857
1959 1165
479 2339
2205 8010
299 6734
4889 2768
8524 8276
760 2559
4337 9737
9312 9253
811 5150
9697 9725
9356 6944
1326 6790
8398 1328
2842 1685
9184 1152
2849 9663
9843 1406
4024 141
8139 8912
9260 6663
7187 6372
9221 7875
2460 8532
3479 9622
33 3175
5698 5741
118 7023
2530 8515
8350 1723
200 7534
2874 9400
3548 9068
805 3923
9209 8944
2834 4820
1958 6372
1191 1178
4246 2
6062 7724
9623 2446
7251 5320
8186 7368
2343 715
5883 7044
2437 2434
929 1663
1833 828
730 2638
4750 6290
7933 7583
7462 9890
306 5004
7419 4551
5006 3480
8627 4628
5926 5877
6300 463
9596 8642
1178 1830
2037 9966
4263 2966
1628 2448
3793 8710
5085 8543
1351 3017
2477 8812
9258 2783
3816 6676
7333 5173
156 2311
9800 2433
4539 6099
2895 4135
1092 424
5964 3129
390 227
6094 8369
2674 6238
3430 4110
4780 4781
3478 7257
9944 2735
39 111
9410 3723
5283 5917
2386 1435
4701 6924
3885 3948
1058 1329
4371 7022
4457 1112
3600 6902
5833 2625
9491 9262
6734 4271
394 6563
7879 6690
9297 4269
6800 5058
7991 8435
975 376
6221 5675
7300 105
9622 8357
1433 345
1730 2241
1456 5329
5494 7288
7953 4985
2902 1038
5607 3295
7600 3485
9984 3248
7753 3136
8306 2095
7922 9280
2471 4142
1306 6122
598 928
830 8383
1272 2560
623 9079
7888 2469
6367 2193
7453 9268
9582 3059
8914 7182
2895 5250
6781 647
8385 5086
2741 2658
717 1563
6799 2023
7684 3748
2950 8514
2130 573
7425 2753
9651 1664
1573 2369
3856 9025
7988 9790
8435 6902
3323 1329
2151 103
1975 6887
5189 1067
5896 5905
2630 9046
4279 6665
2793 3580
5178 4923
4152 8954
4027 155
618 5599
8875 825
975 6863
614 9409
116 3936
737 8618
4039 9063
1856 5579
6481 7751
7835 9110
6796 2114
2127 5940
5693 3656
862 6197
2610 4888
2703 3227
6838 1577
4051 7812
8439 1017
7220 4906
4952 4308
3523 5342
9722 5378
7272 6203
9480 1459
1664 6275
9924 3790
2215 5616
7446 9428
8164 6407
668 866
9633 7505
8795 35
5317 3585
1051 8888
8491 2355
9548 2013
4048 5621
3743 7672
1823 3222
9130 9839
5849 9053
9980 8063
1020 3777
3842 9184
183 4509
6401 6167
2014 5195
6202 3682
8780 3604
8921 7270
5958 8468
5634 6358
441 9376
4029 2263
8950 3158
8453 4798
8562 4785
9212 9581
8561 3053
5116 5096
3914 1517
1262 2279
3063 3815
5960 1842
3771 1232
5463 6080
6052 7449
2437 6492
6824 6465
5106 2125
5974 3559
6922 4535
4695 6133
4116 9607
5538 9231
4702 9451
7099 2316
1729 162
2482 4040
8355 6252
5271 3818
2332 7674
1266 4768
4165 4441
7585 9271
6566 3558
9181 9839
8093 3875
2324 8560
3481 7861
7790 4535
3663 1241
3202 5391
1402 5683
5782 9756
1935 1052
9925 618
5078 7542
1737 9242
8335 9321
4864 1252
9231 4044
1090 3675
4270 3413
2234 4103
7625 6375
8637 1287
7615 8190
3029 9016
3872 8810
5124 2158
6214 1400
2775 1291
8942 864
532 7276
184 1748
8527 5766
2143 5968
9440 6413
5733 1673
6867 3357
8048 1855
4644 2014
44 4024
1030 3915
2834 2505
2425 9047
3904 1551
6689 9197
2414 3572
6472 8950
5319 1350
4715 7462
3670 4155
226 9402
2179 7092
2758 226
8946 3753
8592 5341
7777 5973
9255 6962
8477 8031
2360 8732
9582 9048
7929 1995
2619 752
944 7938
2102 2011
1751 2123
6165 1976
1524 4695
5419 633
1273 716
738 9864
6056 8514
5836 1662
1827 4312
9693 4186
9395 9274
3233 7323
1268 5851
8075 8564
140 6528
574 1890
8650 3090
217 6525
4136 5635
7157 5408
6350 7894
5271 8757
2759 1106
419 4585
1769 111
8770 1164
5736 8354
8486 3355
4205 2912
1918 696
9439 8843
2586 4440
8284 2802
964 2420
4789 8121
7827 7490
2366 9450
6247 5125
555 3017
9709 8676
9479 4831
9839 5214
3184 4676
4920 3740
7588 6838
4436 3378
2032 7021
7818 316
6174 8781
9087 7314
3253 3265
4804 5619
2714 7402
743 3269
6770 6803
1944 6248
1633 8134
7813 1169
2809 2732
4908 6748
5921 9343
126 7953
2715 4295
4620 8889
3075 3706
2554 2680
3322 7357
8298 6036
1110 5392
5656 7879
8546 7599
478 6531
2084 8290
7699 1244
1022 2606
7992 6942
8301 4469
1246 1015
8763 5865
6255 8189
5922 8809
868 9244
2517 5517
1631 3627
7260 7286
7857 5806
1236 8335
2336 3319
2976 34
4562 3997
8991 8905
7291 7291
3373 4888
8306 2135
753 912
6676 3026
9720 3895
8621 8589
9412 251
8567 3023
7536 6423
8828 8771
1109 7515
8441 4085
7548 9355
4433 2891
8259 8075
181 1632
2963 4838
118 3715
2102 3145
3092 1821
7040 8065
409 2803
4667 8975
5825 2203
1750 4653
7325 9210
2167 2118
3294 6067
1472 4079
8957 9730
2153 5489
7713 5115
6679 4183
8829 8780
7327 8273
6952 4366
2689 3713
7168 7355
9039 2993
5909 788
3997 9586
6350 2515
1703 9643
4933 3174
3721 241
9255 5874
5730 3320
988 8760
3854 6169
7539 1180
793 842
1898 3481
4554 5417
835 3593
4761 6744
732 5109
6329 7081
7624 4383
3076 2556
3908 3148
2797 3162
9021 4878
2833 6361
3637 6686
8881 7527
4218 9673
4720 6115
9505 9274
7883 6691
9218 2644
3434 6301
7752 6114
9734 1727
496 2809
4283 4403
2308 3431
3917 7681
4660 3101
4041 8296
9787 9273
2174 356
5297 6893
6470 4801
2518 704
1491 8087
3347 1277
740 7451
3742 473
9177 4238
9633 9811
4992 1940
3241 5260
9620 7900
8361 12
2547 4499
9284 1072
4854 4580
7965 7675
5732 6834
8378 3575
1273 8077
4851 2012
5527 4944
2484 4703
9181 8468
4514 525
407 4106
5784 27
2006 496
6390 904
4994 5674
1976 6199
6605 6292
3873 2337
3125 8603
2263 749
6679 3465
2760 2205
8408 5243
3259 3941
3710 7772
4465 469
1878 6600
6847 235
7096 3236
1138 8441
5261 3113
4640 1866
9404 8512
554 8881
3466 9168
9629 144
2632 2389
2348 1039
3983 1959
1331 4045
9730 5795
865 7959
8747 7711
8193 5842
7298 5683
634 2559
8795 5273
776 4551
137 7681
3431 3602
6848 9411
3746 5831
8151 2445
6869 8486
4403 8200
2530 485
346 9746
8443 9092
7456 2988
1285 1105
8670 1919
15 3816
7191 790
8366 3679
4822 8148
7281 1669
3911 7378
7499 2061
6174 720
546 577
5271 9427
7413 1968
9172 5855
1060 2979
5194 8696
436 3863
614 450
7679 4157
7592 2396
7835 2413
544 1467
434 4454
8844 4284
2866 5018
1355 9764
1946 6625
9190 9358
8593 4714
1564 6004
4044 6758
4699 831
620 1665
1281 4650
5821 8872
7046 7
7636 3941
1474 4421
4746 6669
8705 7611
8038 59
7374 9983
3036 2916
5692 7980
3981 7256
335 4376
365 5033
5207 7336
3049 2839
1986 5221
8062 5383
5228 5697
9323 3053
118 420
6073 5174
8030 4111
5232 1756
445 4619
1023 6137
2598 5003
9744 2932
5730 6460
4317 936
3795 7365
3774 2132
2586 8187
7514 4165
3884 3188
3569 353
3607 9641
5526 7989
3751 7109
9744 4196
1728 7118
6684 677
8472 2779
3609 4201
9238 4277
1489 3032
1641 1614
1516 578
9801 9029
1094 36
8569 4662
388 2175
4303 2265
6515 4405
5725 2610
8600 3804
9727 1635
4481 8198
4413 4441
8751 2
8717 239
3034 6709
1852 901
3639 8004
9929 4732
8039 4849
9394 4778
3376 48
3394 9890
4452 9119
2500 9404
2922 2226
1038 7402
6776 5451
8194 5526
5452 6910
2116 4837
3619 319
2089 3609
8323 8370
8340 2713
3218 4085
7491 6593
4132 7236
6483 8584
6354 5334
7987 5628
7559 9024
9381 686
826 7575
6211 2630
4484 8326
3818 4454
8645 5907
8062 3319
4276 2754
6031 3845
6838 9873
438 970
7109 3272
9553 9814
8605 3891
5441 2515
9266 4822
3201 6444
2396 9411
9073 3231
4089 9242
4037 9085
1500 8450
2403 5775
1203 4785
9620 8041
4658 6409
9010 1766
9680 4914
1579 4636
5156 3372
7150 4421
8193 350
864 6940
6113 6288
170 6553
5530 558
5637 7029
9008 4391
9156 210
9175 5127
4602 3832
1535 3611
1949 7566
4876 9880
2201 6383
3251 9350
804 1443
6052 8019
8382 2164
4307 4903
8716 6188
5461 704
9568 820
5094 8723
1029 4268
201 5631
4452 8087
5593 6400
5652 6821
6279 4204
3203 5881
3554 358
7323 5957
8377 2056
4472 9035
3311 3187
5222 5123
242 4789
5942 5335
9864 3322
5954 64
5304 405
8151 7249
3157 3802
4069 5787
4358 3623
1668 4263
3981 5342
219 8709
7398 4690
7743 7060
4228 2964
2182 4469
7752 8123
9803 7615
7796 2108
4031 3100
2513 2181
348 2021
2334 768
7807 6691
4390 5826
953 8370
1168 1171
7078 8565
5860 4820
1976 6439
4135 4157
907 8239
8631 7061
5853 6426
9169 9883
9525 8033
8415 6224
53 749
6991 4211
7439 1381
37 4744
6102 1204
5914 9532
6120 8126
703 8095
4564 4838
8603 1823
3076 7233
8883 5280
3658 8051
1515 9535
6083 6281
2110 6135
7029 9101
346 820
6833 6734
5563 9286
4289 7828
5169 6760
5953 5872
1206 6869
7061 9808
8691 6488
7040 7573
8119 7049
1976 5985
2935 8058
2266 5045
4193 9294
497 890
6465 3681
3975 2027
2966 8263
9855 4487
5022 2159
6710 6227
5379 3770
2386 421
6609 9425
4346 1079
2825 6321
7064 5760
4378 9329
7156 4922
4974 4004
2163 7791
7684 2489
9817 7001
751 6023
1487 2124
4534 8196
4702 6264
8317 7087
6685 1277
2863 7382
2356 2040
3702 5771
4151 4431
1451 1306
9353 6424
1661 7867
566 9344
356 383
2696 7458
2757 535
5934 3642
5082 635
9906 9751
4074 2942
1027 3288
323 9734
5327 4024
5504 9477
8454 6954
7134 4158
9730 8794
8377 295
4489 5084
7029 3537
2541 6138
4071 4826
9779 9152
1813 9684
8902 5886
8977 6281
9173 9299
6014 852
3322 7870
6680 8128
4823 3814
8637 904
8959 3365
7551 9800
8448 4579
3336 7341
716 3758
2166 6847
9261 3978
6530 4515
6215 1859
795 1740
1157 3160
2591 831
1029 9270
5310 2204
9435 3946
3107 8394
3663 657
4545 2110
1588 7880
5802 2303
1637 7968
9149 7249
8297 2031
1763 4512
3889 8909
2603 1397
2069 5193
2227 3097
814 7536
1652 6601
7834 4759
1346 1496
1767 5890
3605 3354
3769 9407
2009 1757
3726 1157
9005 8374
9539 7120
2885 9779
6028 1839
1176 8096
7031 3402
7545 4197
7290 9196
797 5123
306 8494
6618 2073
4383 6574
5426 4503
5980 7434
6259 6057
4943 1615
4431 833
5086 3667
6964 1114
5506 8139
5561 8888
7892 9457
9436 5181
8653 6584
303 5310
5077 3272
3734 9459
9846 5512
3961 2177
9297 6571
4586 4239
4538 9016
1424 9623
9034 8387
736 4539
2877 6297
9779 768
2105 9214
2301 7109
5798 8955
2419 7226
2227 6152
6685 2072
1663 6997
600 960
3568 5185
1550 4457
552 9325
4079 9586
7711 1167
476 587
7463 254
7707 5919
5820 7
3028 1617
8961 5446
5194 1187
7949 1878
9610 5964
5227 6562
6923 5146
8098 4824
9602 8650
4149 3680
8235 8211
4846 5062
5150 8660
5316 2856
4579 1135
9214 7606
9103 8174
9403 4296
5713 7351
2526 1674
3314 7752
4587 6588
2897 2685
7764 8850
1334 8264
2529 5920
6474 3727
981 7975
2386 2648
7182 3316
134 6395
7273 5588
921 6675
9884 2985
378 8761
4658 3691
2864 5597
6631 2112
8281 4394
961 9614
2657 3489
1885 5482
3567 2865
9809 5953
1865 6990
5620 1998
9737 2893
7586 657
9567 3821
9993 9944
2581 1002
9987 1796
6598 6617
3907 4878
7362 4867
843 6370
4707 2727
8203 8274
5592 8011
578 3808
1353 6197
5805 1089
9089 3390
8097 5008
7210 8089
1303 6142
9090 1289
7937 5688
4257 8195
565 7970
9413 1408
4339 4120
486 2542
8745 6077
6904 9322
9884 8256
1870 2041
9344 7311
5430 3792
2318 8992
1880 3620
1485 7322
1261 5774
3009 5517
320 9925
9839 9733
7684 4177
3852 8170
3070 8948
598 6326
4621 6834
4581 6490
8874 277
152 655
4068 2469
5998 2300
2441 3835
9621 53
9608 8981
1921 9927
8905 1759
9659 6589
5936 9862
4758 5357
8809 1707
1682 9781
8540 2615
6271 7413
2891 6422
4420 3310
5243 417
1961 4035
4251 1581
4087 210
561 6007
6489 5818
7766 2499
2406 53
2361 3515
1761 7521
5221 3443
7302 113
2409 9924
7525 1651
2697 1944
4960 7939
8713 3273
1973 9315
4853 2411
9525 1766
8418 6013
7583 6183
4863 6340
2587 7223
6206 4347
1096 7778
4141 4749
7890 6549
1024 1767
8199 3720
62 9511
8011 8774
2783 9983
8089 3987
2394 3965
2104 7163
6329 6038
9697 1191
2377 2283
4766 4934
2981 5861
2712 7122
6961 601
22 7984
2367 4573
8055 2429
4083 6065
7554 3217
2400 5642
3555 1145
5958 2011
8307 2286
8048 8003
3477 6777
6637 8242
1710 5969
454 4421
9442 3766
1374 9464
8101 3740
4036 6155
2520 4470
2220 74
4038 4619
2067 3944
5763 8025
5954 4069
6662 354
8423 138
7130 1411
4731 8839
7379 1536
9612 6821
1653 985
2636 9753
1076 3023
5908 3596
3844 8127
21 7881
9097 2087
8176 4859
6463 482
5279 3125
835 53
9614 7964
1463 4345
3154 5193
2232 2765
2013 3885
3749 1000
3637 1177
4022 5896
4772 7865
4022 4792
2097 3118
3230 273
4328 9693
754 9606
2817 7940
9658 2430
5903 7472
3126 9056
2665 1710
1821 1029
5594 1921
2029 5582
9449 6050
1478 4220
267 1851
5363 2363
1321 4945
8987 5648
4637 6092
5254 3805
4031 1263
2586 6285
8735 2064
5341 1399
3773 3513
2427 5718
1785 807
7651 1234
6857 5480
1805 3475
7331 3520
2189 8651
8464 1176
4298 3100
3619 5903
3256 4002
7166 5841
286 5900
7904 1978
3650 8028
1842 6076
97 3627
6883 7748
1212 91
3227 9368
9917 557
2887 2105
5559 1350
9632 6209
801 9603
2111 4056
3604 9276
6249 3889
1527 504
2219 5176
8532 4060
7604 4980
4038 838
2727 5249
7280 5954
4617 7196
2862 7503
5652 4773
5205 5284
981 2357
4886 3091
6413 8489
8719 9013
8729 6597
9516 947
1773 4399
5007 5728
9379 9044
6565 8457
645 196
762 1613
7391 9976
5467 3042
4748 671
4677 5728
3028 9562
5170 5792
4402 240
1156 9483
6837 671
429 4961
1422 1787
688 7152
7183 3604
5608 4179
3799 6370
5791 1189
6345 1257
582 7444
8280 5259
9523 7659
1172 4692
3450 1926
4932 4605
1408 8120
1627 8188
3080 9400
9975 3767
6551 3509
7370 8511
7687 1168
4880 9829
8708 7576
1085 5641
1371 5716
7251 893
3374 4775
1936 3175
6700 6867
7779 8107
1338 5758
6294 4417
5157 2620
8183 8060
2480 1904
6570 6518
9423 7801
6346 4482
1728 3783
123 3098
9498 3725
3990 2872
8499 5925
6046 1550
9144 177
6008 481
2286 2302
4898 3794
1273 9432
1853 105
7688 8422
6622 7110
2574 2968
1592 4301
6750 8066
3750 2599
8142 4091
1822 2993
6368 4220
4542 5511
748 550
2343 3033
9203 3592
6826 6827
9376 5031
6931 7063
9804 3553
4172 2378
2872 2115
3030 5973
6532 6780
8571 4674
7222 393
7666 3589
4612 2207
5451 5359
9108 4146
4743 8310
7737 1568
5137 3464
2950 2067
526 2754
1971 1050
5131 4842
3164 4512
814 6048
7643 5737
721 4865
6129 8386
8453 7092
6944 3904
8802 6052
8049 3544
4361 2137
1463 5849
5601 4413
4268 2478
7166 6238
3527 8648
1080 3043
9511 8245
9090 7154
3981 6162
2018 6461
4547 6822
9904 7842
7077 8705
3893 1477
8600 4606
3614 63
454 5566
827 4721
4395 4344
7311 7922
9343 4742
7316 8853
2986 2757
6006 3319
8918 8023
9779 3464
1197 9683
7657 8273
4739 1550
9750 3339
2507 9715
9753 9312
1632 6931
4033 6026
1274 7695
299 616
2436 7614
9468 5421
370 1826
8739 9287
6200 4870
9102 7396
904 6759
5669 1994
4660 1770
5332 7166
1484 1436
6477 9467
8366 6861
5492 5991
4555 5791
6606 6990
3404 2426
8763 126
4251 3853
9412 450
5074 4866
4198 2329
1624 9866
4323 6283
7987 6006
9800 9470
7442 6276
8936 2159
9489 779
8150 4043
6569 1107
7385 6325
3532 2499
6450 4134
2703 2213
4584 7777
7078 5133
105 5053
4998 4427
1335 2984
433 1134
8805 4226
3762 4092
6384 3250
1222 885
3644 7791
1992 7380
467 1875
6230 3268
6009 8933
5480 6944
6709 8910
2076 3165
314 3425
3944 8001
2760 728
5486 7916
4953 9247
2007 7688
8848 3228
8573 8844
7370 6916
6223 7836
8790 2453
7455 4798
7737 2935
8093 4445
8196 168
3961 8509
3592 7904
6509 2703
8631 1995
618 3583
7593 2624
7623 6441
2204 2547
5284 5925
9462 7858
113 8251
6662 7567
9401 4398
6853 7493
5194 1400
4013 9155
9909 3956
7058 2769
6659 5689
1115 7276
5623 5060
6252 3245
1500 4807
5791 3135
731 1604
7344 7195
9855 4006
4762 5607
4755 1614
9451 9949
3014 3463
5455 9274
3771 2512
8394 429
4552 5861
4056 6527
920 307
6123 8771
5113 8266
1905 2196
9869 5600
9390 6075
5957 503
1681 712
2117 7484
7012 1482
946 2466
7107 4716
1329 5500
1496 2233
1360 5552
8759 2279
2210 1233
1049 3675
9498 9305
5870 9367
1257 1611
1793 7213
2114 3474
4276 582
7309 7639
8415 8254
104 5521
9322 7785
7372 7169
6369 5084
2720 1479
3714 1282
2711 1115
4956 2209
419 7177
7927 8027
8787 9719
5240 7252
9544 9515
4185 6852
7154 2599
1458 3609
4471 7131
7745 8195
4299 465
3278 3371
1943 6991
4652 4654
8105 5959
3214 4876
3135 7492
2902 8273
7210 4493
5525 3106
360 6061
6309 3865
8660 4118
7473 9482
1248 1570
7676 1899
2034 7305
1621 3977
4296 2624
4982 8752
8582 4547
9979 8068
2038 2881
6340 5599
3725 1864
8704 4084
4277 5013
7948 9288
9130 1773
8769 6730
3342 2797
4980 1727
101 6600
2055 748
5575 3388
5852 4156
7934 5830
2223 9971
5062 4914
1922 8787
3130 625
9222 7406
1989 7170
6693 7471
5294 1813
4200 8635
4609 9179
6713 1062
2130 5120
8161 7704
8507 4012
8211 6441
6194 6785
2763 7607
1698 4684
2745 4827
1661 1967
8584 1
9136 5276
7471 781
7089 8022
9415 8049
3552 2479
9110 5681
7598 7271
9736 2457
7634 4298
5249 3827
7434 8011
1434 9132
9047 4178
310 7059
6144 5246
7059 1631
521 882
2411 3961
8903 8177
2010 2455
7008 7471
4487 957
4741 575
3413 2375
4872 8661
2553 2306
3024 3986
7789 8422
8164 4450
5480 659
9695 8890
8642 6568
9771 7404
528 8674
5581 8889
7480 8940
6360 1966
9896 7452
8892 3309
6178 3764
1969 8731
2421 4992
2716 6561
3413 7231
1010 5244
4242 7057
4134 2883
3624 3904
286 503
2577 2218
9392 56
1157 2103
8374 7405
9554 7265
713 5732
7380 9033
4462 6152
4025 3529
2712 3789
7112 74
9033 1353
7130 9518
587 753
3421 7224
1255 2350
9442 6998
2405 6950
9100 7130
4354 5006
747 1418
737 8126
451 1550
4278 827
1430 3341
4615 8541
3414 9999
6245 543
9516 6831
7647 2937
4055 5254
1638 9848
2251 4042
3149 1351
7524 3855
6356 8270
5272 3444
2747 2074
1345 7024
2900 2774
6717 3867
7667 130
3865 3911
673 9733
7094 4671
9021 7500
9924 658
7347 2175
1051 495
9877 8574
701 2584
3195 5973
2379 5942
8046 3723
9317 7298
2848 6033
1164 514
6163 1380
777 3187
1112 4222
4209 132
1721 4133
7141 5419
6307 8192
5913 2535
3117 6614
1470 2664
8938 3848
8605 3335
7570 4273
632 6769
306 1795
3635 2820
3175 763
2358 4286
4984 6566
770 6704
698 4262
2122 3356
8805 4386
2242 1922
7351 3711
4585 2640
7558 9541
5975 1479
165 6606
8248 6822
4753 8234
9641 7927
8996 8350
8564 3979
1268 5685
7034 8317
9947 5507
8025 8751
6244 266
7024 9947
329 7960
2586 4238
3852 4912
5717 4017
7870 316
838 2622
8549 6831
6900 3896
1532 5463
4226 2799
7500 1259
7468 3798
3117 5492
8900 5712
2109 5924
5658 2437
235 4596
6675 4087
9507 8743
4455 7376
9058 5292
9997 3958
8474 6896
7853 6358
8711 2078
9156 2562
9688 6623
6359 9156
8466 5258
4867 575
7533 525
3011 7768
5120 9685
8206 978
8427 2660
8354 3836
4303 4702
7793 9129
7950 1997
5486 3012
426 4641
5573 6465
7616 8283
5620 6081
9892 487
3007 7425
7363 6018
5192 8834
2054 9749
9811 481
2408 4516
668 6710
5570 4813
5838 9871
3161 1323
9234 3587
2316 1158
51 6283
9440 2023
8715 9331
8861 1722
3107 6223
7739 4650
5056 9792
4398 1218
6624 6805
2086 3644
9867 7655
8456 2056
3877 1616
9731 3110
1554 2046
4267 7957
4680 3706
9979 3394
9388 8839
5115 2495
1413 9205
7144 2820
5349 1542
4037 8324
4698 6122
1967 4564
128 422
2972 356
8390 2702
3465 9943
1099 7731
7899 5778
7788 7877
5523 3528
3067 638
6022 4479
6194 9517
7298 1542
7410 7687
6218 2108
160 8184
3023 6640
4958 5994
6995 3347
5047 460
3289 6145
4542 7540
1922 8682
5416 7445
2209 4835
4434 4582
9313 6979
4098 2963
4873 7860
649 1090
9967 808
9273 9341
7447 582
1687 4442
3928 6733
1253 3569
2878 2146
1108 1151
827 2875
4947 3035
7709 9380
3968 7022
2711 8066
6336 7583
5925 6984
8672 2243
7791 4296
1583 1590
4878 3269
2383 5157
6354 3635
8725 9231
5780 6184
381 2959
9059 5328
2345 6767
1059 6313
140 3769
730 6475
7703 3006
9810 6374
5248 7601
7022 3182
5542 8251
2803 7924
9759 9156
7910 4836
4738 41
1019 5118
2999 77
6797 5344
3196 7856
1656 9687
7976 2385
6162 5679
5390 5971
8404 6989
9923 5425
6522 5464
27 5676
9739 9786
4831 7648
973 5920
7689 1991
1038 687
8420 7834
2382 1615
2041 4037
1301 17
2773 3814
5695 4514
6137 4098
7854 6059
5875 4376
7875 2253
6403 7613
8390 7586
1613 9362
3505 5653
7705 4542
6339 6124
8728 5073
7738 768
5461 5390
7136 8234
5556 9182
9099 1692
3280 3305
4102 5506
4032 1976
7758 434
5941 2500
8019 3905
1861 1524
9557 9565
6065 2247
2040 1144
7319 6129
8264 2780
1519 5399
7365 3426
933 6463
5117 4212
9767 9218
6069 3798
7546 178
584 3486
2677 8602
7390 890
125 6946
6806 2542
9192 8846
3685 2863
1326 8300
5642 2844
51 3006
2621 983
5820 7737
1546 1939
6955 7614
2088 4500
7791 2671
4337 6820
1273 8078
4061 7749
5023 866
290 566
6063 327
9780 7389
8626 5421
6584 5028
4778 9205
6010 6950
3293 7555
5240 6599
1520 3679
1098 5663
6350 1786
8834 3974
9863 2894
8074 1237
111 8364
8155 2526
5042 7934
9914 19
9707 2849
5047 4484
8405 7408
7785 1698
1315 3024
8296 2834
6703 5746
4848 9404
7531 3681
9729 3746
2926 7802
4982 3037
2517 9488
5562 3910
7422 1827
3929 7128
4675 5327
7963 3080
2734 5748
4777 4048
5123 9424
3234 8177
5169 8081
7580 9052
8114 3660
2797 1039
7814 4130
4075 6682
3618 5988
592 7391
7814 4520
4518 2489
6198 8832
1920 8931
4579 3048
2979 9702
2471 2564
4230 3992
6996 1810
3043 5109
1821 2191
6148 5986
2672 6574
2668 6289
2562 9611
31 6727
4130 900
5567 327
9732 7486
5609 4310
533 4939
363 9356
7502 4593
3347 4498
2754 2741
5958 926
4931 8457
6912 7602
1383 9579
243 296
9189 273
7022 9670
1173 2589
6348 904
6426 8308
1565 3311
3247 8280
2666 7100
9224 6012
7949 1977
8752 3907
9254 34
8715 6165
3987 97
2095 4229
392 7635
854 3766
3656 8378
6354 3
5633 2779
4663 3549
6089 7909
1828 5106
1360 1051
7469 9309
9379 2572
9567 8633
2605 8281
4797 6592
8378 3244
7172 5121
878 4377
8886 4534
2754 1591
888 8386
722 5550
1935 3162
9810 114
8268 1170
1165 5736
478 6895
8308 44
5527 7264
4676 6676
3855 9405
6271 7379
4526 7148
1755 9763
8033 4509
1354 8921
9246 8427
822 7532
1588 632
7646 9855
1801 5162
1943 8630
2056 250
5025 3935
7513 9700
6962 7720
9105 3232
5098 9982
6731 6852
6096 4764
7712 3801
3684 6958
2227 857
4489 3815
1488 8486
21 9640
9999 1963
4621 2055
8564 9645
2341 6077
5697 5654
148 1153
8885 1597
1134 5615
8448 3581
378 2512
7382 413
9469 9608
1270 309
3422 9109
5147 9795
8749 5145
1757 9721
3551 321
9366 2243
2749 5062
7896 9248
2566 6780
844 3699
8747 5643
7279 5476
8154 1012
2241 3974
620 9862
4283 393
8970 5781
187 4070
925 8296
3791 828
4968 9508
3070 4068
921 966
3315 3486
4097 4158
3536 2843
6152 7166
4671 4306
8178 6911
8279 8797
6772 8913
9189 2093
4693 5728
2515 5618
4023 6305
6445 8990
5812 5866
3057 3084
6831 2723
6569 928
3232 104
122 9383
7269 4792
3688 5446
8054 1967
594 1177
879 6135
9622 1924
1862 2136
7541 2236
8440 337
7577 603
2554 633
3686 9385
9707 6606
6664 2938
6709 3137
2320 329
7929 2360
2127 2334
4326 2720
9863 1556
5206 9484
3479 7067
1619 7371
5654 6410
4059 3230
3364 6613
214 3401
2349 9920
6 9012
9209 3066
2148 1529
3394 6428
3888 1872
5114 4565
944 4976
2472 6149
811 2303
9568 2429
9673 5221
5190 84
4803 4905
3048 5016
8305 5396
1288 4662
759 496
7727 9258
8376 7472
2038 8615
5696 7151
3179 6639
8478 2003
9139 9288
4305 8706
8068 329
279 9609
6764 1433
4513 9811
6448 2817
1558 4087
3830 2316
4583 1556
7926 2958
5379 9963
1573 1074
7113 1103
7712 1942
3105 6851
1229 3761
1908 9296
442 8538
5256 7205
9970 9768
7016 2770
8936 8573
6856 2765
7241 1438
4320 5166
748 6050
5128 8672
7124 8592
9774 1187
533 9231
4389 8113
9343 6297
3760 9784
1186 9015
6989 1156
8782 356
3925 7717
5280 7132
481 8872
8570 1152
4037 5669
7201 5516
4340 4324
459 465
5511 991
9695 9899
9103 5390
2547 2862
5173 3733
1876 8513
1240 7009
5220 1516
4725 6852
8647 5205
5723 7216
6356 6112
9236 9909
1627 3575
4232 2086
4040 6094
9428 86
2345 8531
1827 1243
7744 3352
1327 5972
1864 2566
2980 3436
4081 4057
287 2728
5613 2361
6295 8321
8472 1883
8229 6451
5457 2460
8536 5848
4906 4315
2286 7250
2845 4112
8492 6941
7463 9819
9264 5679
8736 8595
5466 2817
2651 2104
1896 8264
4464 4542
6584 2936
6424 4812
5738 8233
3623 4273
4080 8528
8587 6365
2129 7784
6829 621
1076 643
6791 339
6321 5526
8933 8138
4694 7936
241 2941
6199 4705
7483 2782
3992 3906
3945 9729
8490 7567
353 2570
2447 5291
5286 4575
9426 8466
5195 501
9109 8337
7191 1781
215 2476
9919 4908
411 159
7849 2961
1215 1683
5742 5206
1940 6038
1286 430
3604 1638
2999 6050
3281 4636
6977 2706
3102 2171
9559 2210
6860 6749
3990 7074
5576 3908
8333 5986
419 6181
8946 1633
4215 1039
6839 6155
7076 4476
6584 7032
2466 5934
9433 5746
569 6409
4803 22
4932 4361
2231 8143
1110 2573
5216 3037
2832 3548
9023 3250
6081 4320
4883 6647
1711 8073
2801 8786
2548 5736
2169 5013
8021 7954
7110 8590
4362 1913
4963 5645
6273 3546
3787 3734
6118 5354
6771 5301
8902 2145
8551 1334
6464 9785
4332 8174
7857 7133
3312 6756
9220 1832
1769 7241
9785 5230
2182 499
7142 7144
6143 9767
689 9930
3500 3158
5283 6622
8459 536
8766 3361
8221 1582
3145 2553
6107 1001
6037 5770
7756 5256
7602 5876
2496 7386
7458 1029
7884 4599
8173 379
717 5213
6660 569
4723 1942
7190 9533
8830 2308
2893 3402
241 6037
2306 6347
3389 8342
8469 7496
9950 6070
9724 8797
9807 7181
9826 4043
8131 4350
4421 8848
9562 1080
9416 636
9373 2957
168 4554
5264 3060
7956 5504
5448 261
8203 8836
4955 6671
6332 1256
9092 2407
52 8898
9587 6229
9292 4069
578 3712
2916 6492
1143 8683
7127 6868
1640 7295
1421 3255
6706 5728
5111 2154
2341 3313
989 3647
6335 3672
4902 5426
6078 4953
675 5664
1182 9967
6085 8111
30 9000
4602 7525
4035 8081
4392 2026
5375 2164
1632 2080
7892 6742
4233 6584
6406 1574
230 2740
5245 5131
4517 1323
6435 5192
3338 3968
1510 5774
2079 7891
4774 3032
5415 5160
1112 6158
7185 6486
4674 8816
4918 2565
1910 5502
5500 8315
7075 5729
7407 8672
859 1923
6346 7293
3466 6035
1261 1327
1809 9691
9218 2934
2722 984
8093 3834
3494 1629
6671 8167
6796 1588
7083 8705
3442 2582
3372 516
8310 7130
5539 5520
9052 1884
9164 8870
7919 6776
6548 9727
6466 5765
2660 9188
3101 7104
9373 2946
8732 2395
1112 1879
3983 4546
6936 3776
7127 307
643 1788
7436 6182
7307 2839
8065 6470
8060 2335
3246 4608
8413 6063
6724 7424
1602 9824
4527 974
2769 9610
3369 232
1489 3703
4777 4776
3830 1903
1434 4472
42 5221
653 7348
4411 5070
170 2471
7404 9767
3430 2169
5829 153
9592 7431
6329 4119
4756 5449
80 4476
5681 7920
4530 6809
2695 8359
5064 4128
9183 5105
9348 9835
8805 111
1256 8974
2581 5012
8740 6010
7180 920
2514 6771
4702 8842
7241 5810
4291 3673
285 6323
1592 1167
3131 4287
9525 4546
4766 8707
9651 466
4894 8455
576 2501
3780 9508
7512 8871
1869 1043
9790 4382
4166 4492
3224 1406
6653 3866
5078 6937
6540 3022
8103 9670
3660 3980
4216 8425
9038 218
5242 283
8672 5817
2784 8803
1676 6647
7673 3544
7690 7462
7926 8207
8305 7501
9612 4957
1366 1042
8246 7905
415 2700
3926 4074
3031 4493
2498 2069
4710 4092
8703 9733
6260 7838
4887 7936
4485 2559
1479 8526
6373 5756
6732 1029
3256 2695
2338 973
88 583
5229 502
9634 5507
4575 2665
9999 3425
1085 1061
7516 6139
7145 127
3977 2032
8062 4813
4590 5893
9690 7314
1648 2773
8343 1256
5467 680
2228 1907
7614 7457
8760 3599
2963 3335
6263 9313
3111 3699
373 6978
9838 3870
7104 166
5901 1518
1330 6842
7410 1019
4156 5409
3791 2498
6664 5609
9529 8892
7515 3494
2700 2627
7092 2014
2313 9707
7678 5423
9757 4403
8752 5946
8272 2207
2463 524
3724 3792
7365 1133
4810 7872
6542 4952
6721 9557
561 6249
4800 4427
6094 7499
7053 9538
5864 9365
9244 3542
1139 5352
7944 6242
1298 2567
8449 3760
3090 2172
3904 454
9657 8713
8326 6198
3665 5046
5754 577
7647 554
1355 3740
4404 8408
3277 6620
4124 8872
161 1615
576 4456
7856 8225
7022 6304
8336 111
4828 2239
6916 4484
952 5241
7033 968
6639 2786
1544 637
9691 2898
728 447
7657 357
7066 8133
9228 3578
9747 6155
8033 3954
4379 1406
6610 2715
1516 1437
4953 4783
5920 2256
6376 2952
3223 3014
2089 1118
3650 8132
368 729
8578 4376
1085 1995
2508 6665
5572 8606
2819 9956
2560 7198
1361 9169
6264 9228
6957 1216
4010 2876
9824 385
2179 9398
9750 4267
516 9751
2398 7235
480 7327
1610 1564
5673 4118
8228 7596
2723 1047
3903 1634
4596 5263
7154 7211
842 4110
4778 1204
6985 4601
1588 5515
3999 7690
9782 866
7440 8531
8100 7919
2210 9709
5835 4234
3826 4062
1830 2901
1460 5732
4534 2407
7347 1688
9617 8188
2149 4395
5743 5486
8995 7331
1000 9345
1372 7133
210 8811
5664 8309
3082 4225
4370 8916
8458 8195
9329 6639
7447 7141
2371 8333
9547 6069
6372 5516
608 8520
9910 6351
4005 5256
33 5005
953 1404
2137 1162
214 4152
5823 3295
4728 192
8562 3186
4738 4243
9824 2185
1383 8546
6869 7281
4614 3240
2796 5222
1759 9057
1572 2116
665 1604
3472 1617
3007 1960
9130 9572
6112 1304
9219 839
1495 4132
376 2585
8374 6552
1121 6108
5097 7989
3389 6063
7580 2536
1284 9338
1593 9207
7805 8609
7162 1276
6577 6520
3236 5706
2443 5699
3362 1661
2889 1208
5793 3265
3792 518
6168 4912
6626 1264
9252 14
3678 6831
2549 1313
2521 493
6871 325
5453 4032
7953 2029
6903 7540
4087 9346
3238 7448
7358 6126
8655 9502
5742 2447
20 8261
3710 2997
5877 9314
3010 9554
6144 1910
867 5016
8755 7737
1693 4207
8121 9645
2588 1375
7184 6674
7072 6773
4121 4430
9250 9127
3931 4992
7925 302
3252 1635
3298 5480
7300 2659
5034 9795
921 5900
4811 6027
9988 6503
233 4460
6147 2820
5835 9682
5845 2906
6454 6317
3687 5703
5444 7618
7046 3368
4271 6650
1354 3921
2129 8653
6579 7162
8448 3851
9413 3258
9877 5753
6112 110
6564 8610
9281 2398
8291 1478
1656 1096
7794 5342
6798 3237
9311 196
2957 3582
3197 4310
3854 5325
9315 432
8839 7762
4283 4603
7371 4159
6707 9834
620 3271
8443 6253
5668 6733
7730 3675
4180 1875
9017 7329
5112 8327
7524 4420
8260 720
8729 2113
2397 8043
8897 7587
2156 3179
2189 5878
3689 5248
5711 661
8518 505
3265 537
3589 7346
4212 7768
9220 3228
5097 683
7906 2620
5102 6166
9692 3831
8278 8440
8225 3526
6026 6733
6704 4566
8962 6745
9813 1025
7405 4682
1529 7021
1571 5118
4366 5782
2885 3585
5361 7981
4268 9618
6953 9369
5783 2996
9551 413
1435 7776
3938 3812
860 6994
8377 9821
90 4542
845 3846
9223 2374
866 7145
3843 5231
2926 6727
8815 4638
1060 9434
4256 4364
8803 6390
3711 4705
3154 5145
8832 3444
8956 9691
6789 3684
5864 6878
4577 6708
723 152
5433 1588
7296 5627
3170 6574
8706 8336
1211 9765
7770 1818
480 2924
4560 4190
7628 7713
5686 6460
7508 993
6150 4296
1028 2013
1173 5605
5073 8247
5756 6857
6186 3051
2484 9355
9624 1189
7691 7187
7305 1812
5356 4136
4735 9915
4677 2362
3980 362
8821 1487
7706 1323
2135 8733
9687 3307
689 1111
7906 6444
7968 4091
5847 6803
3446 1822
7991 7488
9008 1647
9299 716
2134 4033
630 6810
2746 961
3523 1567
2448 1228
9241 4582
6312 8927
4240 7001
6390 2145
9796 4357
6236 1994
1159 6033
3816 5501
3520 9175
3499 9170
9890 5632
3202 6872
2441 5947
7832 5963
3865 6631
3542 9457
7564 6205
4736 1804
9557 1125
300 5705
5481 6535
7698 2991
8919 7865
4843 2438
7040 8341
1607 3281
324 1160
6504 2764
3459 688
5078 3675
7318 4971
3132 4882
1175 7867
6685 732
8991 6984
6436 823
9871 485
165 8789
8350 5007
7579 1741
9699 5537
5021 22
6697 7877
9137 6507
8564 566
181 5881
5536 3312
762 6710
7530 3798
3793 6520
7134 6580
3694 3356
7065 210
8496 5414
1568 6074
7154 1266
7963 8526
7639 4659
6402 3127
7517 4965
3692 7697
7198 9227
7361 7959
2289 4890
8109 2433
7762 1594
9013 1455
4949 6077
1665 9796
7842 3232
5870 1347
850 3832
9872 4840
4842 2626
7967 8710
7590 8010
6406 4787
3589 3766
9098 5877
8656 3558
4661 2769
5151 3673
4223 6451
6101 2239
6246 294
1823 8467
1640 9024
8650 7864
3863 9843
489 8181
8552 8078
6191 1310
9217 9779
5075 4666
2007 82
8223 6667
2850 9725
6692 3425
6175 9144
2015 8772
5790 189
3591 7429
9212 8592
1644 9427
8435 2132
7607 3338
6562 149
4647 5778
6279 6074
443 8285
6155 5017
1304 5357
4741 4347
8781 7267
9842 795
2390 5631
984 5980
9412 6547
924 1055
2325 9358
3187 9932
9047 9748
6432 3694
1877 2711
6119 8671
7347 2273
3687 8650
3981 8427
9348 2761
2045 9190
9908 4434
4820 7243
6766 583
141 7689
1638 2466
3398 1176
8749 2444
923 5180
2489 9151
4242 8607
7821 1589
7232 7859
6590 1212
6285 5938
325 4681
1479 6584
9114 2650
3826 5879
3233 318
9919 4870
2783 3316
6045 1531
5760 3319
3063 4600
2469 7304
9559 6641
8892 6790
4499 1834
4353 7135
4123 1029
1815 5601
7612 7280
8250 7789
9511 1482
8107 9429
2703 7241
2745 5099
8772 4856
4769 8186
9455 3589
5489 9013
229 733
2154 1079
8918 6507
8213 3040
3887 6379
8640 1499
11 6889
5639 9521
4723 3745
8949 3777
7338 8045
8876 2461
2900 3644
646 2355
3585 2486
7719 3813
3218 9873
4892 8487
2731 9456
1526 6617
2187 165
4467 2197
3406 106
8069 4480
202 7017
8256 7539
5062 3483
9999 7961
3479 6996
6667 7063
9482 4386
7227 9051
610 8470
7538 3340
4278 9063
9956 6464
5580 775
5012 5337
880 3080
9816 1081
6448 4423
4972 7861
4258 4970
5822 4088
8318 8840
1150 7799
9577 4728
6849 186
3198 4386
9877 7475
9801 6185
290 5380
6959 5301
716 7838
4732 6883
5270 1179
1305 241
9040 1914
1563 1213
6001 9880
52 3502
4030 5981
8230 878
6166 1427
1616 2395
5253 7768
8579 5542
3147 5537
7194 214
9726 1925
3448 4995
3103 1104
1588 2142
3018 9502
9706 9018
9381 9758
2520 3410
2090 749
639 4607
8527 2254
7001 131
21 5579
5672 9519
1115 9217
6084 7192
1141 5883
2187 595
6987 126
2737 4
9627 2442
5373 5359
8551 7892
5120 6992
4992 5758
1599 9870
4364 8599
10000 736
4178 2023
6607 1644
1239 9042
8836 8731
4925 7374
9326 1911
3851 8414
1914 3477
7207 3638
8835 5758
1530 3954
2749 2873
6063 699
2743 6778
9298 2742
7514 9827
1117 472
1470 2355
9513 6657
7438 4437
382 6763
2699 4232
5176 964
7708 2382
4602 2894
4491 6131
3199 3592
5355 5614
4290 8097
2391 3587
7191 6256
3413 4659
6727 1235
7013 6240
7891 4450
7028 4625
7564 9727
8856 2739
690 2916
5121 5291
2161 9611
7773 5360
9554 9480
7325 3844
7576 9715
3782 1118
2323 7195
5776 9049
4781 9141
1640 9023
9942 5020
3647 7506
4746 8855
6596 1787
1770 1716
3430 3930
7679 7554
5641 7232
7033 9317
7427 961
9032 1209
8430 1354
4755 4206
6754 9535
9698 8394
8557 9639
9765 8556
3496 4510
7410 92
2648 5531
8159 2429
5812 2189
9983 7805
9421 3367
7121 6847
4327 2504
4407 9109
209 9161
3314 6963
8695 9363
1708 3604
9001 1472
2159 8849
2333 5920
8940 4980
1450 3450
3761 3613
5639 3743
1417 1411
3461 8538
8257 7788
1041 9016
6896 1250
8176 6561
4564 3223
5923 6271
6826 1275
4094 5336
6475 6426
1255 5414
7757 9056
5216 1517
2668 854
1611 437
2264 5072
8974 6872
9211 6366
5887 2458
3967 4063
5370 8530
3637 7644
1152 462
5270 5245
2149 1745
8022 9755
3510 2131
8810 8725
9999 7829
9578 1610
4617 8193
3033 3590
5065 8595
6308 7303
7404 274
7717 2773
5156 1353
416 6307
8166 2037
7904 314
3781 5925
68 7291
4407 5229
6015 4406
9410 1945
2367 4026
137 1751
3968 1553
345 275
5208 7748
6900 2924
6872 2055
629 3639
8362 8794
5675 6265
5460 9456
8541 5527
6746 2948
7108 9112
3705 2869
1056 6071
6894 7545
7821 861
5449 4517
7487 656
2264 4387
9932 5487
6441 560
9125 1154
5705 4799
3770 1164
606 8663
3043 7351
1610 6502
2815 1666
9370 3870
7736 6263
7766 1908
3476 3215
6424 962
3870 5039
1700 3801
6877 4493
712 6001
5646 6417
7151 9416
3932 7757
8078 3326
1459 6039
9827 4273
7704 9196
4495 1791
1811 2260
50 5286
5474 2825
2599 9344
4215 651
9496 1091
5143 6560
7091 788
9328 593
6555 3259
8349 984
6585 6160
7022 2763
432 1077
1959 4926
9219 3769
7186 5620
5406 2659
8444 8004
8354 2658
8654 4202
100 148
761 3542
936 88
4135 7490
3346 8835
4826 6282
4994 1847
9045 5426
9276 7355
6703 4846
1123 3888
466 2880
2899 5261
883 1252
7919 5889
1805 8018
6036 2565
1560 3323
2652 2046
7165 2350
880 1990
4983 5874
188 4027
7651 5815
1381 4353
661 8855
4593 1126
1734 7491
6386 8969
5094 656
1209 6899
5026 3596
9463 2937
6919 8467
4982 435
816 2213
2424 5798
8086 2611
6177 5736
8426 3909
89 5438
9116 4681
2915 849
8523 5652
6169 3616
6308 7377
6866 7685
973 6329
6973 4243
1147 1954
4677 1962
4166 3452
4111 8604
6062 6639
4339 839
548 779
2628 9663
1811 5542
6863 333
1194 3032
301 7501
6760 7166
1537 4084
9846 8509
8326 992
6814 9354
9305 7331
2805 9768
5934 5219
6406 6625
2409 6953
3755 5037
2967 5566
578 9830
2250 1771
2861 2550
5623 5972
9716 3511
56 5913
2019 8381
6905 5184
4087 2561
2515 6891
2328 4800
8461 8734
1424 870
2038 1531
5906 5005
7096 2835
4834 9345
958 4046
8247 2932
17 4314
6443 72
226 4813
4805 3482
9997 8891
6043 2511
2133 4722
7310 594
9807 5086
7815 1845
6616 72
3201 63
2906 4386
5759 215
8431 4005
3147 4799
4670 5941
1223 4896
753 2379
4729 7101
7621 771
5963 9753
1845 9625
6698 1651
4710 4512
9847 7677
935 3047
7739 3841
7432 9849
407 2214
3854 3553
3365 8523
5845 4587
9770 2950
3317 4499
50 937
1621 6013
7041 9817
5637 91
1468 6698
954 7666
4374 1889
713 8464
2081 4496
8312 2487
6710 8517
6040 74
3392 8236
1012 9513
1185 680
4011 1235
1616 1984
3599 8656
1800 9235
5098 9619
5932 6052
7285 6657
7940 4349
5120 20
8844 9783
2506 1905
8300 4897
8330 8043
3133 5693
7555 669
6372 1566
1903 7987
9901 5501
2995 8052
1087 8092
7671 3370
495 1307
26 8434
5655 1497
4805 4498
1280 3663
2755 5931
8559 1084
3973 8043
6777 1527
8712 3148
9444 6966
7487 9344
8819 481
7396 6257
4924 1418
9627 5419
2724 6004
3852 8378
7501 5009
9227 5132
8671 1981
7414 3581
9417 1386
7976 6193
9264 3039
9340 8708
4 6826
4403 5174
3658 8150
1431 8582
9567 1057
352 2290
3412 555
7019 912
5563 6246
2395 4233
4578 9808
4166 3994
7545 2141
6538 6809
5179 2230
1868 1534
5407 6270
6708 9065
4420 4490
3998 338
1898 4349
2628 5309
4903 5998
2573 6818
8595 1319
1050 3173
7479 5215
3518 5023
3707 6408
8183 8885
8637 50
6771 4043
2672 9830
9459 3443
4319 3456
3780 6216
4156 2759
7876 5411
8757 6800
2228 3703
8119 9629
6875 5597
1196 6745
6971 4902
3152 5154
139 8140
1555 6909
2182 578
6738 7993
372 7408
7800 504
9975 1956
3262 7850
3718 8370
4650 5945
2073 9120
1925 5299
1068 3120
8395 8038
4374 7898
9543 4512
6037 1098
1420 8219
8027 4509
2563 8399
1916 362
8902 1890
2317 8515
6091 6034
3237 7092
8330 1661
6211 255
6959 7278
3374 1706
1668 7747
9603 1210
8610 5640
8659 6381
210 3038
889 2772
7788 9156
3133 3041
1045 1802
1555 3488
4187 1143
579 2517
2803 3142
2771 6114
6771 2496
7819 8438
6595 3773
6000 5204
9412 1010
7937 5973
4047 5177
5096 1834
4333 8229
4874 1729
6382 2781
5216 568
3923 5795
3084 3078
8936 2206
5543 5706
1054 3361
496 7648
3485 6495
9203 9249
3856 7139
5221 7903
2316 317
6088 3000
4897 962
4728 1278
94 6296
1845 4016
2090 1281
3445 7377
3486 8987
9434 4539
8699 6281
8538 2184
9127 7741
1432 2983
1231 3004
885 9898
9672 6972
2897 4568
4285 3977
2197 4378
272 4042
4746 8713
5322 8190
2441 5159
7177 8226
9698 5875
4507 4587
4410 3633
2327 5841
2967 9910
5197 3851
9807 4868
7175 9056
9436 1459
9384 1632
2189 6007
2025 6934
1071 3698
5123 3511
5209 8651
1736 4906
878 2594
5844 5287
2579 8171
7480 5545
4432 9028
5748 590
3895 2922
9645 9682
732 5380
7666 9272
1386 9690
6205 2456
9740 7680
2318 4948
2682 406
6205 9911
2999 2048
1550 1929
6570 9029
3826 1001
4408 9573
1591 8302
8846 7587
7984 5929
2967 5649
5201 704
1690 7757
9512 1429
1788 8181
2728 4470
8586 8932
4380 7937
980 5929
9865 7549
1309 3690
4902 5716
9614 6492
370 8459
430 4705
740 9748
6705 5940
452 8394
48 6315
6175 1836
4495 8902
2657 3081
4186 7036
7369 1517
9317 3585
9065 6977
3627 318
2693 3240
6809 9414
8051 7239
4118 8790
3338 822
1081 3789
5567 1128
6455 1741
2963 950
6995 5619
382 7532
9007 4102
9048 8323
7686 4464
5299 1312
4782 4343
4552 7942
108 2602
1532 4225
7743 4870
1398 8823
8658 6965
9950 1465
5057 9265
8766 8403
1235 9147
5934 241
3248 4981
4915 7285
9445 214
8597 4226
908 9500
8519 1016
8453 51
1592 6195
4920 2990
1369 9929
6306 1318
1393 1362
6934 158
6117 8169
5656 2050
8409 5255
3383 3324
2540 2827
9889 7488
3404 7148
6987 1922
8163 5439
8324 6107
7985 3243
9096 9353
3172 5401
7022 916
3114 3956
1074 9230
2124 3081
1280 532
8336 4662
207 875
3840 6447
4714 3595
3595 1700
1868 1757
3490 192
4215 1474
3434 3310
7178 2957
5062 4199
3873 8176
8154 1298
7405 6629
4378 5036
3513 2713
6049 3719
9939 9888
166 4652
9834 3760
2703 1702
1868 6192
1893 6083
4017 1678
5744 1194
987 806
1745 4859
5333 6250
6156 2737
2879 533
7773 6391
9598 3821
6461 9536
61 2978
540 9894
3089 3242
7947 1309
9434 6191
3743 9802
7869 9486
996 8855
6643 9092
65 1975
5341 6220
1064 4571
3104 8836
961 2701
9008 3774
8589 5420
3103 9128
5314 6192
2369 9612
7500 8154
5803 1242
7956 23
7079 5303
8877 74
4394 5293
2048 6086
1512 3111
657 4615
8298 7969
3668 3658
1742 2256
9077 4845
1383 742
