10000 10000
8983 9878
257 6517
826 6729
4322 7342
6174 3193
9236 9518
6776 3144
4147 8417
2517 2731
3187 6320
7236 7065
8196 7195
5700 1761
4355 8879
572 3648
1811 9554
9878 2067
6071 703
8796 6744
4397 1321
6288 9984
838 3063
3128 4985
1480 5644
7715 1018
8316 1302
8082 6511
4848 3781
8271 5554
9011 5194
5554 821
1100 5431
2887 3522
2485 8034
265 6881
9355 6553
3217 6544
5967 6344
1528 3798
8339 5594
4815 6654
3248 2896
9516 4447
3028 7786
1 2038
9332 5554
2858 6783
7336 2097
304 9820
130 6920
3053 5836
9824 6269
2380 5791
2612 259
9588 7302
2205 755
3956 5452
3650 3471
9898 6678
7609 6250
5067 3292
1803 4277
74 5490
6373 377
5310 2854
3648 8362
8690 3472
982 7421
5614 9945
7679 1553
7246 9883
2307 7553
1686 5957
1024 7936
8986 4984
4185 404
8275 2340
4680 4700
7829 1052
1428 3138
3906 5075
7851 8947
4898 8832
6367 511
5128 4045
2064 2374
280 4370
9926 1965
6678 7301
9900 2015
2284 437
2419 6910
2776 3450
7961 604
854 9388
94 1111
4463 4296
57 5712
9480 2775
6223 4607
3171 4638
6980 3450
5359 3258
1767 2037
558 8018
403 9194
8454 9173
2455 1229
2623 416
8185 9828
9803 4630
938 617
8925 7346
6329 8404
120 8903
3011 3290
3540 6342
6740 8898
9599 4858
7286 157
2875 4041
5702 1329
3213 8156
8909 2187
8571 7093
2014 4726
1722 9303
5342 6999
6648 8022
5402 6767
3276 4764
6409 3167
1106 9500
8417 704
4357 5702
7212 7231
6094 2913
4911 5659
7421 3820
7845 5991
7264 6211
7068 5338
1865 8762
2336 8513
6783 4089
1631 6411
8853 8039
9577 6310
3890 7993
3365 8246
47 577
1829 6140
9841 6739
1798 7261
6910 5995
9604 526
8557 6671
5863 421
5432 4550
5285 8567
4990 6916
4977 3842
1306 905
6503 1548
8898 9868
9793 5296
444 1621
1435 6636
4712 9585
249 7973
1931 9852
8498 6839
2874 4360
7259 4658
5261 8896
3224 251
2163 4552
444 3468
5456 6947
5015 705
6814 1160
6000 3609
9132 3787
244 195
9723 6844
8168 1653
6695 6665
4843 5921
1025 2101
578 6285
996 153
2887 3158
4704 3331
2978 6511
277 4344
3568 7090
1855 9567
7050 987
9705 3645
1181 9427
489 9348
7431 3535
6013 2273
9455 3389
726 32
6025 8073
6536 8912
7583 1239
2242 6912
4102 8870
1255 7669
2311 3110
3587 9360
448 3292
3004 7980
9070 9844
3680 2853
3379 6044
1477 2833
9432 8554
9217 1808
6627 5752
7071 561
3343 5664
7472 7444
4533 8726
1464 6843
8187 5050
6202 4986
4693 5558
2966 3763
5401 6645
2967 8779
9040 4443
7964 4823
2997 3532
6630 5975
5635 3701
6535 5329
9364 4006
2772 249
9083 587
7091 3622
5637 9645
8607 329
1554 7924
443 6954
920 3409
2085 9959
7852 6400
4781 7200
6283 1411
3174 8269
1463 9708
3598 7178
65 2721
7426 9147
3308 869
2768 8944
513 1375
5624 8418
9298 6067
1723 218
9475 159
6528 3678
6558 1309
877 9192
9071 402
7461 533
6461 7410
4062 6525
130 1488
5672 3437
8708 8439
8732 5572
6165 708
3989 1815
3126 5711
8384 8952
5870 4911
2630 8779
2571 9858
4323 1641
260 8135
8525 3072
5544 2587
9597 5673
426 5268
5462 9133
58 545
4704 2575
7604 8692
4389 729
754 9124
9681 2975
386 8662
1754 2957
4871 2428
4597 1482
562 3122
4554 6105
2060 4150
8129 2485
9417 9942
1617 5826
487 6320
8400 4442
1363 9140
5171 8468
4615 1203
1443 5001
9864 3196
4309 4734
5623 5257
6216 6184
4730 769
8640 6789
4918 6768
9273 686
6710 7241
2863 3548
9912 7615
7989 7626
3106 9511
6094 7721
713 7536
9073 6928
7083 9733
8014 2705
4989 4229
5240 9719
1349 231
2859 2618
3350 8484
9655 59
5724 2517
9958 1988
6483 4299
9613 9589
161 5706
3661 874
9593 9085
4153 6675
8817 2166
5731 157
2746 7322
6227 446
7552 9086
3063 902
7569 9069
7312 9644
7938 3622
1631 4420
7920 1244
360 8080
3301 4020
5305 2894
9456 9458
5920 4624
7975 1651
4781 721
8972 1007
1166 6524
92 581
3777 4012
9649 1088
3656 7586
4709 5286
2006 8980
2881 8717
3412 2534
9089 8716
1779 8544
4525 7698
3168 8852
9348 4300
9572 4672
5306 7089
7547 1750
7669 1323
5761 3670
8762 5768
1255 9823
7406 9612
5154 286
8329 8565
9171 3769
3633 7301
2312 4509
4999 1831
3360 698
2482 2931
1721 7788
6372 9267
5889 392
589 8001
4061 5703
3769 5316
5525 1174
1279 678
7811 5959
5595 3334
9727 9227
634 8391
3735 1984
6573 7095
9034 9055
6377 754
3194 2748
21 9082
3140 6961
3434 3552
2663 7202
8867 4539
4727 6498
1569 8890
2456 7163
2223 8535
6389 9208
6925 6475
1192 3497
9921 6577
8903 6298
7330 2096
5397 7350
1177 4888
663 963
8440 3325
8164 3658
4216 9243
6507 5784
4484 5315
2946 3058
3849 5686
2265 7125
2160 9808
6973 8433
6384 5876
4730 3714
7971 6478
7415 5500
1366 8077
6462 6157
7754 977
6166 1969
219 2673
7752 4702
7987 7049
4111 1835
2734 6376
5311 1245
2535 2283
9677 8919
8158 758
8984 6129
7236 6398
7980 4953
827 4441
7461 8580
5417 3626
548 1988
6298 4651
3041 636
1699 7152
2470 784
9879 7780
2028 2413
6415 8057
7683 4572
8814 6666
7052 2401
9416 5031
3705 242
5823 1165
8821 7592
1143 5720
5931 7440
6722 5323
8076 4772
8826 6897
5555 8704
1029 3934
7469 7443
1990 5151
8366 804
1817 5418
9556 1232
6800 3261
7825 8975
777 2997
6566 1919
5068 8848
5711 1789
4170 138
6560 2996
7034 8466
8051 4414
2399 5519
8208 4389
7022 6574
1544 5190
8343 1099
2773 1494
711 597
468 1488
3593 3385
3406 5012
8584 9116
6800 2754
9253 9711
2101 2639
4528 6503
3404 6926
8374 1612
7666 5395
4537 9209
584 9231
6660 9708
724 7370
304 7544
5209 248
7280 8615
5259 5864
4082 8410
4969 9687
4472 7069
8677 8999
3571 8432
2276 1944
43 9942
3690 931
5502 4273
161 2161
3980 7237
5883 635
1132 1091
7234 8411
6057 2492
626 6491
7253 5594
2529 1724
9014 7557
722 2585
5988 2998
880 6031
9291 4570
3313 4792
5194 9826
6953 5526
7062 9187
2512 8193
6629 9746
2955 9038
2237 3581
5528 9490
5526 4408
7565 4540
1964 8287
3476 7951
7636 4355
333 6926
5276 3646
1717 470
3471 5021
2347 6884
559 4858
1428 7188
4603 4382
2577 3192
4314 4456
9033 6192
8863 6597
731 826
1235 4206
5128 8870
4912 5461
2147 6540
5458 3864
3361 5280
5236 5707
2163 5795
6916 9942
9334 1519
675 1910
1062 4989
6365 94
1180 1579
3042 8262
2404 4277
8819 7531
3146 82
9343 5293
6621 4800
5508 9981
6431 743
5687 8593
2889 2603
4886 2222
473 5561
483 7886
549 3199
4331 8080
4777 7372
2693 7180
8000 1511
1063 7498
1592 6757
2790 4565
7909 4649
4545 4339
1743 6584
9284 984
9186 4169
3205 6010
9729 40
247 6629
3238 4577
1060 8015
8300 3752
1546 6300
1614 8960
3797 9558
5717 2938
4122 3625
3938 5018
7963 5680
1601 3598
6663 7138
7767 6220
9499 7495
2611 9745
476 5848
673 1535
214 8973
1639 1760
1624 3252
719 5420
9161 2787
4709 9634
6411 8646
4652 726
677 6252
4323 3692
3390 8441
9911 2888
2288 2521
8985 2763
4720 9657
4297 4934
8629 2287
3045 6604
5539 3763
2023 1051
2902 3083
685 9312
1728 5336
6389 2405
7939 7064
6096 1328
1856 2358
568 4143
1230 9552
6905 2301
9208 7554
7234 4189
9840 6630
792 1730
393 9167
9133 9646
2249 9817
5309 329
1504 1698
9085 5794
5113 1532
3474 6968
3889 4041
7463 1470
9944 4367
3770 9151
8272 7356
9691 4464
3985 6835
2545 729
2353 1677
374 4601
7845 5683
1281 5700
3732 365
1494 5196
1896 4967
2163 2136
9007 9625
9957 5302
344 79
4452 4967
7434 495
5782 7770
7329 8327
4851 9681
6355 5224
633 4200
7258 1914
6251 7341
8630 7744
2536 6878
9062 1051
5365 4420
675 5322
9721 7370
5400 525
8689 9185
1019 4470
6954 4699
9148 8156
4379 5503
9732 1363
6054 6989
9628 8656
4330 4610
6400 6865
1487 1813
7915 6851
6233 4942
8524 5953
8663 3923
6477 3703
3107 3847
8173 6413
8545 3672
920 9275
9174 651
638 1579
7640 6617
235 8321
1226 2986
1537 2712
4798 5804
5915 1030
7097 4438
3335 2111
4713 6163
5814 4171
10 3986
583 8554
7657 1503
4181 3183
8505 1170
4761 6144
7786 1347
816 9012
4332 2353
8075 9130
4508 3989
6511 1604
4779 9845
3714 9491
2360 9527
3661 2369
9864 596
7274 3873
8450 1454
7055 6954
2623 8167
9450 409
5866 265
5772 197
2617 3846
5678 7124
4187 8541
5079 8965
8385 8793
8455 744
4671 8467
9464 4535
9062 6738
8407 7511
4543 1813
817 3518
6331 266
278 8548
530 6049
8745 9499
6246 774
6622 432
9314 8053
5748 4051
6845 554
1146 1515
9021 610
2401 4434
3699 7159
8297 4593
5323 9113
8110 1654
9378 8387
201 9907
787 5297
9405 7033
6071 2379
3816 1736
431 9564
5786 3627
6469 3284
1493 5489
3893 3894
9923 3943
1052 8219
8535 6375
3683 6645
4380 3060
1383 932
9318 2170
6229 5075
5554 8651
3805 9369
6738 4235
5284 8876
4213 1753
2159 5705
3593 2403
5950 3515
6345 3354
8085 1231
9728 1767
4227 459
1178 5610
1390 496
4131 3970
5570 9684
8972 9374
9052 2062
9960 688
937 4172
2440 3095
6228 6032
1849 8530
5899 8193
1883 335
5775 1610
2102 2
8420 3279
1963 6161
126 6093
131 5695
2128 5454
5068 1179
7515 1379
8218 4803
1902 657
7897 4482
3041 6097
3011 8939
641 4893
9273 6416
2854 7726
2769 1273
7357 4731
7433 7482
823 3915
3177 2950
9369 4596
480 3235
2327 5050
8038 4228
5706 2286
8709 5098
8383 8071
388 9023
2963 9661
1790 5816
3738 4558
3440 1094
9288 873
4928 6462
4787 4456
5763 507
5403 2595
3742 7729
7644 8131
8309 3349
416 3369
4799 8798
1440 5186
4173 4402
1198 5962
6570 4936
520 9
2381 9807
7233 7308
2621 8372
1763 8383
5230 7166
977 5323
1246 8620
3453 9554
8321 3869
2923 3119
9018 4362
4656 9542
5115 5854
5504 8036
789 2375
4397 9521
8533 1629
6829 1153
6352 4943
5888 1582
8460 6864
6904 6058
1836 6709
5611 6508
6929 4885
5978 5946
5598 633
5488 713
6486 7343
5100 7274
9717 9496
3147 8249
7477 6327
5754 3828
1269 1641
1761 6081
4856 5017
8490 6691
1725 452
3198 8653
5337 9175
950 934
9808 2789
7998 2645
131 3098
9919 6199
2593 9417
800 6421
5743 6553
249 3363
4545 8361
9443 9400
9729 4284
6091 1453
4736 5640
6457 72
1167 3759
7357 7326
6547 5355
9970 3030
8452 6240
9228 7396
5656 6379
3817 1398
2931 417
4761 7475
5129 555
3227 4858
4839 9317
2662 9574
1308 5471
5997 2474
9229 3353
9799 5775
8707 6121
5156 3510
2360 736
906 8016
7114 1074
5765 6397
7842 525
223 2970
7432 3449
7827 2270
2765 489
8195 425
5959 543
2898 1539
3895 9049
7313 8954
5169 8821
8815 3880
9556 6072
8247 6669
7145 4012
9417 1338
888 9640
4308 8319
3088 2134
6940 2205
8974 5134
2629 1284
2028 1878
2822 2275
926 6487
7580 2446
5307 6394
6326 1214
2466 4572
7882 5962
8583 7299
7300 9471
3290 7959
4141 6377
6444 1081
4933 5418
2566 3913
3053 4594
5791 2227
6868 3068
8713 799
5514 371
7192 8191
1584 6009
2762 5817
8323 7697
9467 1974
3519 2756
9932 7659
5485 2727
5091 417
8144 7657
4330 7549
2250 120
9775 5469
9539 4839
2619 5052
5209 9810
3242 6792
2171 2356
2608 6845
6404 2075
5170 9922
1182 1453
3932 6666
4179 9023
7083 8675
6679 7764
6223 5280
7883 2349
7100 3773
7187 9718
8825 2395
5879 8418
5538 4401
773 8145
1245 7176
6571 2766
3449 7753
4218 3733
770 8397
2755 7852
3423 5785
5615 9645
7416 9849
1993 4515
3622 5531
584 8798
7925 2814
7215 3462
7215 4340
7958 4811
7867 881
7577 7668
4985 8146
1400 5754
6542 506
9958 9964
6290 1924
5960 3705
8125 4304
4571 8098
9834 1506
6895 4110
4319 461
3923 1533
1152 1881
2696 9019
9113 6624
3038 4097
4769 4437
6202 7663
4942 6159
7626 7583
4435 9938
1287 2559
593 2209
656 6779
3714 3902
888 8032
4362 4811
5917 1866
3043 8612
884 2155
1587 273
2603 6355
4709 5156
4017 6002
7667 7995
3584 2101
4284 4870
1011 4876
3430 1666
1654 7143
1919 8894
1526 2632
3704 7442
4497 3098
2405 1732
1604 3991
2004 558
6698 6712
5713 714
2713 3379
8708 6296
1831 2991
7517 2841
4219 7298
858 2224
4440 2776
1117 5966
5408 1172
9759 9904
4269 8516
1636 5872
8858 9991
6429 5555
3055 8494
2621 5767
1872 7680
8415 55
7023 2283
2895 1241
9581 105
3464 372
2880 4581
2689 8287
5752 2448
4543 6373
7315 2530
2244 6172
2520 5025
8079 5574
3518 699
7693 1741
8378 2459
8147 5400
1093 1042
6640 7025
1146 6456
7397 377
7388 85
5016 3139
8884 9558
9511 6198
8439 8107
8722 7310
9483 6800
9236 9352
3850 6928
1092 2227
5738 9239
7627 6830
6632 618
207 4129
3425 7603
857 812
4039 5872
3951 2923
1781 9813
5472 6571
4271 545
3881 3753
3696 3116
3104 7545
6395 548
9772 2132
6138 3750
5313 9121
719 5519
9601 4144
9473 457
4955 3512
2681 5257
2786 4461
5070 4609
1032 5692
5154 4912
5797 8849
4379 8900
6394 773
5799 2517
9256 8288
6266 4568
7408 6984
6439 3360
1127 5911
3817 2434
5774 6497
7690 8559
7309 9111
9520 4692
4803 4673
9603 6951
3521 333
5850 6266
1105 8001
8782 360
6288 1399
1280 48
8383 7718
3407 5861
9980 3575
4646 2106
71 2336
7016 3732
7798 6535
8423 8952
1207 4378
5902 1080
4710 8104
3697 5815
6104 2479
2526 8743
3877 157
8790 8611
7874 2197
824 4206
5771 5469
6311 2194
4156 3326
2277 1954
9861 699
905 7419
5076 6807
8498 6138
4910 2195
1952 7365
1025 829
6107 1253
986 1249
6216 5211
3445 7039
5768 5567
8859 2078
4112 3015
1756 6388
1320 7968
3439 8576
1738 8514
1734 236
4651 2995
8782 2954
359 6158
135 2818
7410 1120
4066 3625
2682 7510
7015 8450
9428 5874
6879 9892
5240 4986
6279 2911
9305 6069
1486 1043
4583 3220
7630 5585
6214 6411
8539 6573
8920 5025
9390 2681
2496 3455
6306 5177
7316 9672
9978 3095
1897 3209
9338 3488
8194 1969
6398 7499
8037 7884
8541 2619
1103 2522
4556 7316
8932 3094
240 4203
4470 5981
6883 6965
5787 9540
2141 9454
9212 8471
2549 7460
1679 1886
948 9872
3854 7345
3722 1891
5228 8614
861 2682
1135 5416
9998 6418
4861 237
620 9330
2570 3855
6294 8356
3394 4787
7810 8957
3257 6710
6417 4935
4947 3716
1158 5153
1060 1232
7043 2640
6197 4255
5321 7332
6023 5318
101 883
1907 7073
6565 828
927 9210
9183 672
3996 6992
9629 3604
53 2397
4890 5000
6112 2400
152 3523
3631 3546
6162 9827
7800 1483
3510 3822
3152 3611
1057 1410
683 3973
2237 7961
3182 7772
8632 3530
1115 8260
3485 1168
7008 4727
6167 3119
7126 6318
2994 7108
9863 9155
3286 4014
6989 6796
4188 6493
6758 1596
4254 7440
5568 6491
1752 5101
614 383
4982 1728
8643 8467
2895 2002
3193 9061
1473 6670
1730 4466
3777 7944
3620 7062
8310 6961
209 2497
3453 6966
444 7706
757 2363
548 2508
7463 7513
2891 8797
9241 7885
7263 2135
6238 6807
7548 7710
9828 5629
2175 3604
9925 2147
7017 8234
9107 7226
7082 8911
543 7525
2968 7652
9887 3516
159 3701
7380 9401
2497 6620
3637 9759
5107 9875
2917 9006
3936 2744
4634 6111
2699 4558
8257 9716
9143 3715
3293 6224
2625 187
3748 5592
7838 9986
5459 4349
3687 2839
3749 6183
9458 3738
2294 916
9964 1562
9921 3899
4306 907
9 3356
1816 4617
3071 959
8331 2715
3534 955
2902 3634
2899 739
3619 8357
5087 7305
7547 5188
9840 3357
5277 8485
4272 1592
46 545
5490 703
1451 1851
4059 9618
2819 3481
576 1150
2548 462
8456 5449
4095 1354
2539 7713
6063 3978
1370 3609
5517 1209
6965 793
9693 7589
2384 6090
8133 4225
6793 9583
2427 7203
5552 5246
683 6128
6395 3230
2941 4850
5030 7035
2556 7569
4747 8618
7898 6116
2226 3414
3676 5543
558 9720
3131 9293
5810 1263
9869 8954
7197 2296
6156 2748
7541 6838
5227 287
6420 8167
1488 1449
5201 4043
5369 6300
2660 3266
8767 1238
3031 2443
3132 3588
2162 6262
9232 4323
3876 9101
3276 7424
1396 5783
6523 5288
8973 1750
5574 5392
6268 7061
3192 7821
7456 4913
472 6467
4530 9238
4056 7561
8032 7187
7500 194
3448 6732
868 3675
5832 496
1098 7227
6278 7621
2514 5250
5722 4439
6993 8341
7851 185
6161 5306
5097 6632
8125 5978
2222 2180
3538 253
9367 1038
6798 9166
7769 7666
2841 9952
4513 3938
7178 790
7910 6043
2392 3631
6833 9384
1972 4683
9568 4484
6341 1016
7468 4465
6994 9689
6644 6883
9941 2362
7920 6739
1528 2040
756 720
1991 5268
1009 5520
2409 8919
7914 4800
2549 4746
4184 4520
5781 103
5356 2121
7471 2823
2937 816
2511 9580
7698 8803
8294 1970
1893 6173
361 9000
6892 8704
619 7900
4223 3028
6818 2137
4179 5719
3234 8362
6590 9014
4817 1945
7486 2287
4767 422
9454 3629
6354 3503
2432 4647
5472 4324
819 2185
3324 4062
888 3942
1961 1462
3321 5131
9950 7500
849 3184
5861 3790
8549 7029
5735 6035
5667 6853
6456 5120
482 2809
8623 2913
3807 446
7236 977
2630 6911
5038 9869
7205 3351
1331 525
4833 1280
8024 2033
815 237
5822 9364
7265 1556
5398 2932
8409 8205
4403 5242
7366 3025
8154 1172
9823 1741
8501 2452
8652 3538
8673 2208
3240 3
2732 4424
1282 756
6456 2097
992 2278
7812 4608
185 3209
7539 4945
7765 8294
186 5130
1318 4691
6302 1140
6432 4802
9944 1435
4691 8616
3642 4283
4970 6373
8706 2603
3480 1514
1051 823
143 8862
5431 327
8422 9321
1624 6187
7614 8161
1316 5284
2852 3969
2775 5635
5122 9070
7069 6165
4037 7062
447 9006
9786 5504
7961 3266
7017 9011
440 7159
7873 2222
3838 6294
1543 1813
8832 5508
6325 148
7143 9176
4116 9918
4810 9238
8987 8230
5402 9376
1643 2200
8381 1429
7703 2693
1046 1072
1704 1485
4582 5928
3707 4771
2221 1601
6583 1053
3460 2908
7552 603
8435 1667
6872 9597
7256 2210
4178 2657
1585 5821
1208 6318
7249 8911
9010 4646
6334 713
6130 915
6640 6188
2038 5213
4140 4972
2617 7600
4231 168
4554 2666
8186 1425
8614 5442
3634 2791
4450 1571
8611 5658
7888 5859
920 6897
504 3605
3962 2986
4519 6953
5525 2908
2165 6017
7880 1133
9968 2110
7652 4521
4775 5838
2297 3388
7631 2282
6179 8432
3852 1141
441 8091
7000 1360
4988 3855
4964 5301
3192 5835
2253 5069
8742 770
1085 6621
1902 1052
8731 5906
1924 9857
1743 4220
9597 5725
6501 2127
4156 6705
3267 4597
4795 6618
2308 6134
6825 3624
1434 16
5810 39
5084 4551
808 6168
7524 9061
3571 2606
4966 5494
8814 3060
9713 8410
8784 2566
6888 9292
9270 155
3888 4064
6772 2547
198 3596
6170 7983
9964 1979
8021 1399
2882 8828
3919 405
4241 7489
9362 9206
2983 8175
8618 9047
2937 7401
1612 9824
3044 881
6330 6931
1297 9454
9478 7846
9401 1999
5828 9364
3978 3849
763 6859
9028 1033
3615 3268
8521 9328
8826 1503
3854 7443
550 6790
1195 8513
2966 4239
5746 9295
7521 7042
5100 3350
4887 4501
5349 7066
216 5678
914 7330
8888 6294
8362 8854
9561 6883
8181 4738
4737 2034
8532 1638
5176 9727
151 4493
317 5896
139 4189
9289 5239
7539 527
9739 9239
7592 6306
1268 4858
3636 155
1151 8349
5360 7063
5231 9892
1801 6320
8277 332
7957 3452
6410 8107
7944 3078
354 8083
7267 9642
9673 1157
6520 5763
395 464
2068 8014
5321 2055
4520 2823
404 9879
6237 5634
9770 4389
1953 8046
1073 6262
7850 7482
720 2145
6912 1074
6579 4178
7067 6251
5334 3587
2013 2080
402 433
93 5722
2487 964
4896 2890
842 1132
4876 6963
1873 3180
1360 2945
9441 5561
6778 161
7706 3689
7586 636
4218 4652
6887 5903
4590 5251
7982 4991
5683 4426
7064 8170
5389 8311
1059 2582
5795 2286
5896 7667
5466 7256
611 4906
9168 3740
1418 3225
7429 9003
3861 7998
7 747
3901 4596
5997 8234
5939 8032
2660 9354
6201 4400
7665 3611
3334 9811
5897 9229
7477 7714
2836 4439
8971 2004
8178 389
5228 1958
5743 9088
6308 5749
6186 208
6697 8535
8441 8987
6566 7452
8340 9118
1852 2356
9080 5185
2166 4976
765 5994
2689 3601
432 8012
1956 4962
8400 3535
3271 4142
8975 9578
6243 1512
9785 2939
46 4578
1925 2963
2029 6616
8432 232
5324 7512
1768 7489
2487 2533
3483 1528
2485 266
5891 4440
1579 4290
4326 4850
4783 3300
4427 1025
1164 564
315 7561
1493 8591
524 3521
1559 8955
3753 6882
6466 5520
4370 5305
4404 4204
3184 6888
822 9074
7679 2400
9715 8357
7249 849
8008 8028
1874 9171
4943 8540
6732 6435
7131 3607
9955 5041
2561 59
1922 5379
1931 2643
7035 2686
6847 6570
9574 7668
1995 3604
67 8061
1960 3668
8909 9968
1695 7134
5490 6637
5674 2221
9423 9156
5827 5729
4196 4740
5788 2469
118 4070
5111 3504
6755 1957
6425 2680
5976 8419
2636 2395
6479 4595
6062 1739
914 7756
8873 6404
744 898
4976 166
53 803
2246 600
5542 8033
3068 2011
8454 8178
1866 1561
6487 8290
592 8814
3060 3227
1208 5890
7822 7269
7628 5087
1376 2852
1490 8471
3749 6466
4988 153
3620 7234
7104 5513
1618 171
7523 72
4701 5740
7984 7539
4029 8575
6352 7088
1802 7560
9329 5975
1180 6956
1061 2556
9808 8903
1026 3556
1720 2366
61 5339
9599 7164
851 1216
3687 4725
7639 4739
464 5622
2277 844
4197 4980
4283 5998
2539 3611
1972 71
6918 3032
8978 6725
8286 3
6633 5
8720 3045
1695 8318
208 8897
9534 3894
3621 7172
8632 436
2794 7260
7631 6990
2240 1913
9339 1130
5523 1310
7552 8793
693 6529
1869 8979
2884 8501
5335 1603
7897 7030
9921 8105
5926 9454
8350 5899
2977 3334
2686 2122
593 317
9111 9184
2229 4801
6666 4104
2462 4217
2896 3155
746 4764
8485 3629
9617 171
5231 7513
7200 5151
1969 9478
956 319
1728 3933
3652 4413
6054 596
4729 1517
9780 3310
6317 6445
7413 5131
7013 6660
8285 7758
1423 3121
1386 7391
3291 2969
1256 6843
8119 3224
2672 5427
3542 4399
9359 3545
5163 1764
4141 9892
9632 272
3201 2301
3068 6965
7431 80
3624 2067
7838 1398
5187 5575
5141 4829
8543 6396
8023 3014
9619 694
4792 9513
1444 502
3057 6607
2265 7197
2850 8249
7468 2402
549 535
5718 4331
6967 5693
6397 4804
3442 7935
6730 8582
9115 1625
4977 7138
990 948
4183 5781
460 1979
6282 3516
4937 4898
7065 7786
3146 884
6539 46
1419 2256
4376 8385
7948 7124
9540 1389
5058 2621
6323 525
4245 7651
4014 1586
8598 8196
3718 5409
6526 9999
5277 1462
1249 2341
5599 746
3224 8489
792 994
744 1519
5730 5043
4995 5269
2784 52
4242 5458
6928 4838
3108 941
6424 8058
5489 141
3466 2014
6492 8742
9828 7740
7434 1778
8485 658
267 5628
8003 7362
3499 3733
2405 8493
5353 1540
4896 9594
6997 1824
4432 6456
2764 7207
4513 8252
7347 4331
6618 3838
3072 6445
7929 6858
8222 2766
7515 8488
8393 5517
2202 8243
5601 958
6735 954
2497 1631
547 5845
9806 1330
8652 2569
8536 3165
7173 2235
7495 3790
2424 6918
6586 353
3775 1159
3118 7641
5999 7862
9510 8200
2457 5110
9157 9191
2415 8005
7173 2962
201 6978
643 8852
5899 9179
2016 3071
1413 5862
3212 3836
9132 6149
540 9258
7307 9
3251 3305
4223 2760
1504 6679
4221 7012
5869 6636
5016 9394
5949 5216
6371 2943
4068 2269
2121 2435
1691 9885
4649 4902
73 3780
1050 612
9389 4709
621 2639
8013 4843
1750 5869
7873 5971
2880 3741
8958 7896
3134 1258
9463 5857
4200 9882
8125 6321
2317 9816
2557 6965
1069 2629
7096 8471
3241 2836
3179 213
5475 7543
1407 7224
3411 9279
9546 2643
3019 8503
538 2505
6112 6352
8361 312
6234 2837
2984 8550
9004 5540
1866 6425
4521 5313
1247 7761
4500 4425
4325 9974
8319 5731
3550 1730
5009 3095
4372 4379
7950 1261
3235 4061
3964 7947
4372 197
784 3707
5098 6139
5599 3315
8915 119
4979 161
7879 9479
937 8555
9452 9256
4285 9353
7337 5645
2448 1708
23 6749
9320 9610
809 3283
7556 1533
9832 4691
1591 4929
7182 7189
4596 6096
7307 9574
6257 1537
9052 7193
91 4856
6448 727
4208 3784
6371 3007
1843 2746
9755 7514
2355 6916
7149 6262
4800 3332
953 6390
4612 8134
3579 9207
4229 885
5133 6837
2422 4184
4030 8864
5391 6829
9591 5951
6965 5961
8957 5159
8706 5064
9025 7412
1979 2525
3674 6778
5856 4626
3167 467
9111 6745
6026 9691
3982 1158
6528 6403
1693 6909
5266 7084
89 4856
3034 7053
7169 8342
8564 2226
3405 7588
9638 1735
112 3311
8512 2319
7936 8031
2785 3398
1127 8810
3088 5108
6319 5967
1510 8012
2875 3128
1447 2964
4335 832
6368 7855
9173 1283
81 8930
5222 9718
664 1685
3028 5528
4003 7315
3558 3140
712 4684
1949 151
6144 4620
6118 7653
2631 5344
7132 4077
4659 7819
4908 7379
5673 432
8661 5753
5713 3883
5470 6377
5567 4849
8256 5922
2163 8165
9061 9226
9200 7361
5729 5343
1980 1846
9348 4610
3541 6479
5038 8200
649 6297
5578 6322
3081 590
8426 8793
4472 3896
1521 6391
5096 9776
2312 3611
7940 7724
9188 7140
5084 4916
2482 7064
3113 1829
8025 6654
4660 9415
4853 5308
5711 6782
7981 5143
7371 6407
3936 8195
6654 5456
4585 8101
1584 3248
1711 9523
971 899
3014 6054
2166 1848
9469 5279
28 7494
1932 4687
6908 3136
6347 8970
9917 679
4113 3639
7085 4400
1833 90
9855 6417
8191 1438
6016 9901
7313 6986
7151 6678
9392 9317
8525 8860
947 8553
2705 9230
9591 5964
2365 5937
4934 8633
6616 5398
2271 52
9797 4104
6494 6003
6872 4684
3793 9240
936 1105
6225 4439
7782 1968
107 2659
7180 1053
1211 9884
282 801
5848 8998
3090 7133
3982 6057
2530 6252
6108 8678
6707 8953
4680 9931
3636 4824
9170 924
5928 1746
1714 62
3714 1820
9072 7245
2872 282
7128 9505
7434 9327
4854 523
2811 8835
6579 5340
1438 9039
369 8145
7991 1401
4427 7979
6224 3596
5254 8504
1693 6967
4917 1758
8786 3988
9002 8009
4269 6130
3865 8054
1808 8718
8577 4619
7552 1507
6310 5341
545 6679
3485 4888
8079 4263
2866 654
4210 4471
9157 5903
1437 4073
7660 6574
8060 6662
934 8680
9143 4798
3086 7302
9867 1662
1920 7418
3168 8230
9110 65
1260 8947
4952 5690
3209 4169
6343 7419
4991 1852
3321 6427
5924 7332
9352 336
345 285
5367 9487
5082 8452
6789 4948
6465 5060
8717 5985
9641 7826
6049 900
6772 7352
2941 9981
7872 9284
3751 2862
7487 3423
9288 3410
754 8639
97 1099
8923 1816
6937 356
6619 77
5303 3084
5137 371
9068 4777
8196 1468
2029 1320
8819 4969
7652 6690
604 1402
9551 8090
1176 5190
7852 8281
180 7948
9379 5454
6115 2668
2161 2734
2744 3815
2169 4232
4185 1236
5361 8732
2703 7389
6403 7873
2357 4054
4562 2961
1807 464
1050 2982
2005 8901
1263 8536
3201 6993
341 9315
6012 2501
8400 5108
6315 568
9339 499
8155 1051
5582 7209
8439 1985
5081 796
2390 5994
108 4197
2809 1157
3530 4813
6410 1144
9700 9610
4489 40
5276 500
2540 3676
1959 8854
595 7650
5704 8750
8700 7638
5958 7139
9622 1039
4286 8363
3384 4393
2559 6193
1901 2441
7357 8310
3584 7057
4271 4424
7096 5899
1276 5988
5926 3234
4841 6520
883 6897
5269 9583
4534 7579
6721 507
4969 1006
8869 8352
1750 7780
4544 3650
6572 8253
8312 6507
5309 8934
931 8756
4832 2206
4743 7109
5439 5936
3629 6322
9184 5249
2256 69
2827 8976
6927 4147
6333 5795
2499 8082
9926 3394
8083 6497
1646 2746
9356 3306
1680 286
2062 2863
2491 3156
9972 4281
5443 9952
6954 4626
1552 9209
4694 4379
4536 1620
4877 868
3767 7375
5301 44
769 9736
2893 8766
2481 2248
2072 512
8885 485
3375 7727
3640 9698
2007 5435
6001 5313
60 7552
4521 1106
8282 9057
9077 3159
6276 2843
533 1577
9239 7653
7664 2131
6419 144
730 4842
656 9614
5326 382
7340 5317
6431 5698
751 2431
1010 811
9982 5531
8268 4616
939 7344
7774 7214
6539 4658
5142 5777
2311 2805
4259 5081
9301 1340
9922 9956
953 5247
6689 8292
6915 3119
341 7666
5549 1351
4828 1882
6881 3095
6497 4171
438 4270
1384 3328
5280 2878
5456 7590
2034 9714
9022 1334
1053 8943
7641 8357
541 4329
3000 7455
3799 3341
1472 9347
4691 6299
7581 7923
9393 4077
2093 6183
4699 9828
9510 6330
9057 4966
271 1091
1031 9292
8776 8436
4586 6417
6792 1478
7097 6144
5284 896
9484 6756
6594 526
3054 4174
8448 8799
4603 6892
4981 5653
3071 842
1982 2128
2159 2252
9570 9542
7895 8345
7977 2480
4761 1120
309 1858
7263 5592
9105 6746
2347 5698
3623 1753
6224 8422
6903 826
5313 1883
2830 4736
9076 1163
6863 7587
9766 6432
7128 7660
1128 1456
6491 5889
2575 3151
4098 9838
8742 3202
2935 7441
5251 2910
5545 1474
1331 2447
8651 2996
681 7832
7731 9756
8994 945
3694 8759
3728 821
2770 4855
2276 5612
7095 1203
8762 1192
7392 3856
745 6678
1296 5996
9587 3192
7469 918
5638 2472
3913 6318
303 1643
2425 9297
8939 6119
4407 2666
3291 3529
7520 5567
5492 4615
3121 606
2158 512
4461 2903
7189 2108
8898 6776
5299 2718
4045 936
1541 7957
3605 1844
5951 2381
7492 4889
8499 1898
3906 8142
1778 1425
60 7270
2391 3180
4227 4549
3691 8687
3803 879
794 9052
4006 2444
1769 8050
9731 3310
6006 3335
1505 8308
5715 8996
9548 566
7245 3453
8707 5375
4878 8766
8996 3620
8297 3222
8168 1987
1908 1970
9217 9053
1021 3223
7848 9142
7624 7578
8803 9982
7264 6659
8289 2978
5654 7837
9895 2898
1289 4953
8272 2518
70 7267
2490 8366
6840 657
6704 8747
8979 5921
4151 6351
5495 1998
1844 3118
9575 6998
3099 6838
3656 1388
6168 9309
5576 2414
8559 3216
7367 3182
2086 7436
6801 4575
5802 3640
1583 2505
8739 6913
4777 2889
3264 271
1239 1459
3389 7165
8457 2839
4003 8464
578 6522
4125 6153
8935 9035
5721 6301
8568 7806
89 5368
8732 5890
5360 314
4746 450
3579 9523
9690 6842
9793 928
4652 9533
8093 9460
2372 8447
7924 2949
1320 2048
5454 6606
1082 7526
2907 9649
1683 9347
1369 414
5236 3080
7079 9981
3529 657
5855 9570
3850 2000
498 8502
1532 4942
7961 255
9740 2236
9556 1059
4283 1361
7664 1716
8886 6922
7717 568
6268 5437
7333 7855
8516 4411
4188 8396
1420 6394
7965 5269
8393 4814
122 6277
6107 4435
6531 5846
6670 2438
3256 7305
3798 7272
9020 2683
545 3088
9602 3165
8524 6934
1019 3391
7697 1558
8138 9116
7952 2455
736 6344
7268 858
2620 9727
5292 5503
5572 1961
7940 8828
5617 8090
2451 4637
772 2995
4076 6726
6159 8952
3659 3530
8694 1355
1439 6832
470 9390
5638 1206
2086 9257
8415 1057
8983 3706
6559 4555
2018 851
9734 7635
8940 8536
8623 6063
1530 9050
2788 4041
8001 6447
7570 6695
4153 5360
9878 4623
4750 1867
2180 6835
1123 594
4243 6458
651 802
1012 9020
8004 7097
3006 3295
5632 1628
9357 3513
7030 8497
7553 5030
1295 1474
8076 5447
6834 4305
69 7935
2523 8600
1121 3646
5545 5363
103 6195
2516 7466
5215 6871
914 4572
165 2897
2552 9522
6409 9581
4370 314
962 5664
8139 5390
1110 1324
9694 7531
5610 8569
6130 6730
2214 1675
8445 8668
4221 7312
2485 5787
4183 9750
359 4347
2646 2910
220 5406
2490 4589
2071 9803
252 6562
5192 1362
7885 1238
8892 3495
9806 1373
6576 8371
9399 1372
7038 3620
8684 5874
5758 2866
5623 6116
3564 4620
5377 3784
25 4218
4724 2096
4021 4976
8657 9212
2689 2893
449 7932
2739 6606
9304 5667
4976 5055
7038 8365
8674 2073
4238 783
4938 6212
3251 4854
831 8627
4989 856
9197 9712
9303 3217
1039 4311
8780 3727
3555 9229
1658 6294
5834 7314
1960 7162
2368 5349
5526 7393
7422 9764
8175 8711
5975 7777
3564 3158
6404 8552
4013 5600
4616 9667
5168 5654
329 3947
5733 3883
9527 3742
176 1713
7407 8487
8874 9774
3836 4399
3518 7609
514 8045
6319 2841
5821 9883
5998 8576
4786 6362
4175 5753
2380 5694
1407 2708
9641 3491
6590 9167
7232 3118
7231 991
1604 6104
764 1791
6855 634
9399 3720
8678 5718
6560 850
1952 8909
9426 3089
5270 9952
8842 7649
5646 6600
6708 1638
6442 3298
7156 3673
2767 4387
4663 4370
6842 1779
2513 48
8764 1911
3768 3793
3980 327
4642 2283
9236 419
1724 857
371 6917
4858 2368
3516 1565
4005 9957
1214 1160
9981 3980
1898 996
4702 8740
9126 7214
8787 7889
5476 2554
8033 5808
9233 2674
4442 4820
3093 6165
2028 9815
3081 6885
2182 2948
4802 2538
9256 6015
3697 5589
9995 5595
6584 4696
686 2061
8261 9472
6301 3736
8378 4333
5895 3962
3358 337
5133 2802
2853 7160
2616 5934
4045 1149
5233 5198
3686 4489
1212 3735
77 7558
5681 3012
2253 6366
1424 6865
2189 7724
6953 6918
8408 2847
879 1765
9535 2363
919 2388
9523 9886
8321 9919
1035 9905
5116 1072
4393 2679
4806 821
237 6838
184 8841
3203 1607
5706 1744
5682 2658
8661 441
1856 5892
8558 1391
8254 9476
3778 4128
9361 8450
398 6747
8354 5513
7819 9099
8192 8976
6271 4780
5814 2807
3620 5368
765 9325
3463 6447
8334 2124
3239 190
4367 1796
7932 8972
1271 1709
9452 6984
6510 9849
3730 1215
5362 7900
313 9905
6876 2936
4684 9041
5742 4655
760 6506
3980 4223
9304 8665
2698 2543
5206 3416
690 3137
8739 1961
4845 8190
5296 7706
8039 5377
8921 9752
3277 5585
6008 6504
8520 7043
1896 613
1697 2655
3471 5676
3229 2774
693 2278
1668 5898
2045 2358
9035 784
670 231
8973 5965
7937 7011
1341 3209
3114 4617
8793 9121
7472 3665
6163 9367
629 4212
8374 4099
6239 7954
3225 6931
232 4892
2829 2276
7249 8215
3059 4270
8445 8384
234 2733
1746 7927
5941 4860
8895 1086
332 6367
4750 2847
2085 1730
7058 458
5829 3296
8412 9053
227 4995
296 9407
3622 7545
7621 6681
8166 2417
1416 8400
5150 3161
2678 7442
4372 1572
4879 4704
7938 9628
7550 6375
7710 959
6832 3538
606 1595
8942 7184
6589 9237
6590 211
6781 562
3243 4947
2979 4658
9698 4480
7818 2375
8273 2190
298 3152
3245 4588
9131 7146
962 6840
4456 7793
6729 5061
9388 5670
2245 2328
4907 5186
8890 8039
5748 2132
9337 5078
3141 9034
5909 959
7760 533
9500 8058
3684 9096
2645 9167
6241 3606
2358 696
7750 9087
2108 3489
4756 4352
5817 9662
5890 4706
7701 7989
3190 7037
9418 6330
2423 5326
3640 182
2210 9491
4591 2246
8586 3587
1412 1178
7192 3769
8225 1294
2855 333
4782 3963
1036 6950
3624 6925
8008 1324
4913 1197
4713 4330
3878 7135
6007 7518
3668 8217
7008 8259
6814 1946
1845 8225
9475 5389
8345 7700
6682 7552
4384 7815
1514 5419
4765 5137
8696 2772
2813 3608
3968 3877
4290 7845
1011 296
1714 1030
4864 5074
9288 1677
3371 7485
6253 2845
9225 950
6896 2258
8501 1279
72 14
3050 4836
1502 1745
7607 666
5352 7926
894 5993
2123 1904
2641 3836
9286 7504
5261 4925
5533 8631
2409 8137
1476 7985
9086 8371
242 7586
6002 314
3951 9051
5149 1805
795 9108
8822 2498
3385 9716
8491 5507
7971 7483
5695 7256
1338 955
2181 6870
9586 941
1359 7413
8926 444
5783 9167
8030 8136
5832 8332
7186 7333
136 4332
6440 5310
6830 6176
5025 1672
1683 2995
9154 3729
6603 491
1035 8783
3713 620
6075 5071
8032 5000
5514 167
519 9895
8302 6350
4579 1840
3682 1066
6171 6473
6375 9352
2649 7751
7375 683
746 2880
763 7348
3371 1797
2482 3435
8769 8556
4857 6800
3556 6722
3318 426
6617 7972
3127 7547
6163 6809
8612 2333
9633 1339
8037 8633
9089 5411
5667 6186
8291 6429
3533 8013
4578 2366
7799 3346
922 2655
145 829
9376 9815
1254 2344
4138 732
9890 300
7540 4854
8984 3525
6192 3372
8509 1632
8783 4176
7818 3425
6956 7702
1437 1533
68 9235
4878 7341
8241 1375
8169 7616
7541 5774
9960 1678
6505 9849
8329 397
4702 3664
273 7245
7036 8781
8877 2170
9308 3046
5594 6264
747 3382
4148 814
8968 9026
8154 7208
6752 2674
1175 4292
8447 1134
2321 1304
983 7001
1700 2036
664 8324
5633 4051
7104 861
6220 2764
3906 8165
9027 4652
7898 3174
1818 3217
8551 6323
6776 5302
8997 7951
5945 3795
9084 8265
5098 6418
5265 3149
4806 2281
1472 438
6331 4928
7650 8903
7691 1555
3419 3069
2558 1317
2594 4375
4533 7497
7050 7661
9150 6046
5611 5095
9840 4694
9711 1290
7464 4976
790 2269
3608 8614
9058 6290
9893 6707
5192 7583
4613 4963
7003 3522
6279 5948
4249 7163
3444 1298
4823 2594
7343 6785
4040 3534
1479 3750
1175 8942
5077 1965
7562 8684
6930 6619
1326 6822
9677 2869
756 641
7831 7758
4162 461
57 8410
3976 3501
9707 8798
2446 3401
1935 6485
3287 3413
6586 4461
8706 1663
2777 2619
6698 9706
5589 8023
6527 1617
892 7282
2257 5074
1391 2770
5535 7800
1180 9510
1300 7238
4659 97
6991 6593
2933 277
6357 9518
4737 1414
1180 3866
4032 4230
3571 5972
2252 6450
7588 9495
83 9844
4569 7826
2614 103
5625 145
5964 3276
3734 622
3372 724
7215 6304
1000 9923
5821 2089
1337 3353
5954 1720
7582 5876
7692 6185
8677 1631
2032 8760
7827 6600
6585 6792
3054 8561
6936 9017
1836 669
5990 5207
1393 3204
7862 8744
9479 3682
832 7167
3386 3137
8886 7319
9013 2929
3504 7689
4560 5535
6448 2386
8486 9384
9177 7891
4296 2464
6907 6131
3132 2896
7689 876
2452 5550
9620 1930
5584 451
9096 8969
3588 4333
2640 8952
7262 6143
6640 1821
8029 9440
558 2866
5175 9734
756 9471
2197 4014
5601 1680
6909 3290
2556 5712
5191 8527
3993 774
5329 9440
6095 8916
3773 8734
4219 7386
1228 859
5558 5608
6650 6115
8473 8176
2200 5580
7646 4396
9593 9599
2427 2853
9240 1334
8565 782
9860 2557
1556 5189
8349 4002
456 2121
2735 4675
9506 3962
1885 5063
5921 4886
7529 4393
3061 9728
9972 7059
475 5916
3009 2901
8768 8600
4235 3684
9381 4094
2593 7288
5634 941
1289 6090
3061 4023
7116 8918
4336 9000
332 256
3885 7860
1000 3297
7587 7323
355 8061
3238 9715
7313 8358
8314 1547
2041 7695
1993 4633
4982 7626
5573 2623
67 8633
6645 7182
3902 7333
2533 4233
7588 6417
2092 4940
6066 6030
2262 6420
4090 5500
6135 1403
3857 800
9301 2249
4846 1293
6882 6180
5271 2454
8802 1689
7439 1798
8871 1340
9130 1403
1925 3070
4172 4016
8009 237
6398 270
3008 487
2121 5494
8241 2329
6294 3894
4578 1139
1538 7811
7318 6808
264 2471
8497 4054
4269 3719
1746 3398
5121 3670
6467 5644
4037 827
5880 434
7449 8888
7273 5921
4381 1865
8250 7026
5758 9179
4517 7296
6989 8186
455 3604
657 5303
4010 4925
9021 2107
8322 494
2128 1141
6137 6164
8319 2017
2950 5767
7256 6574
8040 7988
8438 6289
1366 548
1819 5882
7843 5159
4067 4649
5114 4723
9952 9123
9647 5324
7581 4321
5817 9708
1813 1954
5872 131
322 5173
2250 7577
1746 289
1916 6535
2929 3281
7082 1099
9162 1276
6257 9581
5925 7722
4303 2228
3197 302
7551 777
974 3368
485 9138
1673 2708
5620 1994
4232 7869
5922 2329
4509 7837
8863 3789
7470 2297
4887 6631
3572 7495
6211 5848
1569 6866
8075 4765
3519 5626
1893 844
5345 8729
9981 3369
1436 1952
5362 2019
6173 7635
4347 681
1823 3210
822 9292
5506 2060
5923 5429
5907 8485
1277 7475
1702 9351
8591 1572
1328 483
8767 3024
9212 8747
6392 6999
7051 8105
9018 3223
5739 3364
3903 7562
2925 1076
3205 8430
3136 9127
211 9042
3964 1487
6516 2017
7189 1458
9941 4869
1940 8707
7892 7503
3806 636
4502 856
8740 9871
4078 831
9586 4332
4744 2511
5408 7948
7292 8543
3427 7502
3936 3742
8988 451
5758 2529
8260 2050
7397 199
757 5288
4054 4562
5923 4907
1769 1015
4777 5846
1845 714
6529 6588
3224 1936
4535 516
6830 4313
4369 765
8054 9709
7567 3812
2237 5826
5861 9633
2377 2969
1272 6430
3882 3547
1336 5650
4561 2464
7847 2757
3177 4376
5696 2753
2663 6582
9620 9493
895 3988
257 8948
48 7824
9111 2284
3649 4972
8268 6025
4292 9540
8806 8174
9438 6493
175 3998
8956 8022
3106 8485
8749 8801
1237 1411
5382 856
903 6276
1195 7512
1576 1243
5335 686
9878 5335
2009 8146
7712 6301
4037 6517
4474 3474
3010 1000
3823 8317
9021 6928
6801 7769
2080 4389
5532 3813
1596 2786
6441 2791
297 8016
385 5631
8701 6614
7318 7062
4759 5029
3362 5147
1545 4187
8620 4554
5186 8794
2871 559
2073 6023
4679 4152
412 210
4317 2007
2996 757
1149 3292
8772 7885
5275 3824
4499 2592
885 5609
3972 598
7108 5516
4784 2079
6422 6322
873 5644
6880 2945
1666 1558
3449 8429
8120 7765
6788 7467
4873 4288
758 9996
2173 2384
3819 3023
1327 1056
4983 5298
8005 2090
814 9141
4169 3587
5462 5041
9230 8693
4337 7247
6602 4137
2028 4721
8253 8815
8539 3125
3102 9297
3120 1626
8032 6939
4648 9359
4346 9631
4656 2350
8072 5469
1490 2240
5407 3303
3632 4636
8347 7969
8235 4949
8457 6614
6021 6710
5428 4560
9834 4881
208 2954
2859 8239
6244 3858
7597 6941
9840 2253
5642 7912
4073 3484
151 9480
6786 3783
467 1485
8103 5053
6433 6559
1666 8805
3268 3445
3364 9454
8326 9923
8759 7536
8162 5002
1393 2110
8294 1233
714 3935
9144 4787
7418 9294
618 556
9428 1084
2040 7530
2489 4824
441 4154
3628 60
7599 3344
9513 2276
3266 4623
9811 7779
5976 7555
9889 4269
8787 6954
4556 7930
1740 1973
3576 8709
8880 3003
9793 7271
6885 2281
2094 3677
2786 2074
3736 6736
1769 9601
9011 5034
4223 5173
9165 199
2728 5405
4467 1514
2358 9022
5796 4098
7347 5723
2806 2578
5077 8950
6201 8313
7582 4646
1989 6720
6719 5725
3455 8487
5325 2466
9873 5899
3990 9037
6097 6717
793 6916
4583 3150
2289 6730
3599 5987
8804 6405
8565 3880
1706 1117
2193 5640
5762 4181
2359 8833
6257 5813
7319 7933
4630 3543
184 8620
8931 6280
1688 9723
9547 6270
2873 1836
9351 6471
4174 8154
9227 9090
2034 7285
206 578
2924 5968
1110 1634
4800 3719
7446 8470
8003 8428
8365 8186
7047 7295
4466 5086
3370 364
7708 2594
8551 7058
9064 2725
5212 4643
8166 3597
1927 8372
526 1202
691 1635
2835 5490
1705 6632
311 9708
5059 8675
7893 8457
2322 8710
9895 2043
9074 7602
4636 7624
4659 51
6700 6222
4693 4866
6170 2971
9589 6695
524 279
4682 9710
2120 6386
6342 2430
2445 7752
7457 338
2561 6130
9047 2455
8172 4472
56 2807
8448 1066
2857 5147
3640 3902
6364 9809
3224 5952
6504 3748
6230 7537
3457 4701
274 6150
7131 2719
254 939
9408 9166
3420 8454
7972 1591
9278 4379
749 7725
1796 3605
9223 5435
3858 1939
5244 7082
7890 8099
7181 472
1987 6989
1524 2260
9491 5006
1330 9744
5944 737
5261 9363
5543 9584
7305 4820
3962 8053
8896 5757
1658 8118
1192 1867
6408 2787
8948 650
885 6128
1121 2871
9469 8996
1482 8959
4002 2812
5054 9945
3548 314
5660 9090
9897 2964
261 210
1017 9156
5966 9026
3626 3509
7244 33
6295 6192
682 3531
8671 8154
6401 4491
7150 4235
3449 1151
7046 8502
7447 6945
5167 3106
6035 1415
2422 2647
1624 9790
1803 3942
5167 1780
3802 2410
1812 6449
4953 8846
9979 9976
6999 2732
4466 500
6966 4267
8002 4011
2768 5449
7307 4287
4906 3341
5701 3679
2340 3677
9820 494
3970 4986
2273 7771
3748 436
571 5052
9281 550
5027 2632
3281 5845
9483 6598
111 7485
6960 9230
2933 4266
9868 4190
3959 1921
7869 6298
1949 7688
6791 5918
9026 9063
40 9125
5850 611
4176 5131
7512 5555
4114 792
7751 3596
3741 4213
1080 700
3442 364
4965 9662
4554 8923
1582 8774
5220 3530
2813 2010
5799 8190
7424 2190
7314 3274
9152 1490
4756 6663
3396 8869
3806 1146
8816 7546
5358 6248
8245 5151
6611 3210
4812 7516
2132 2745
2641 3704
2626 5454
2065 8424
3643 5841
614 7309
5466 6117
8798 221
2780 8545
5441 6585
9690 608
4131 1399
6855 8727
6549 3466
1936 7713
7333 420
457 6326
475 3083
8131 2539
7858 8125
4731 4823
5433 196
940 582
6768 71
9126 2208
6655 8815
2816 7137
213 6022
5864 3114
5839 4151
826 3172
4570 7634
5849 1396
7068 3979
287 1278
2103 5017
6100 7536
1565 3391
8117 8332
3461 7243
6892 116
6057 6059
3604 2622
2080 9467
2087 7919
3618 2912
1090 4539
6897 6938
5935 3965
7268 6221
1594 9370
7589 7693
6905 9153
1084 1374
7485 896
8616 4376
7363 1024
434 967
9997 2513
433 2083
431 402
4994 7872
4941 8243
1161 7227
8559 8428
3447 152
4150 7387
4196 1054
6540 5279
2427 4024
2527 7394
4751 9889
4770 1536
855 4766
400 1288
6849 831
1689 8194
5054 2981
6436 2567
207 1346
7346 5
1497 1495
7392 5693
8901 283
7323 7679
4306 9849
1425 5408
9738 6194
6943 592
959 3694
8231 7807
4524 6272
2353 5930
5604 8788
4848 5811
134 2193
2167 7982
40 9558
3674 5292
9840 7349
2970 497
7197 746
2256 3286
6939 5550
230 7898
9244 8460
2056 119
1083 4408
6048 6687
9548 7247
8849 6033
5792 1015
4014 5831
6925 4040
7474 6764
1388 6795
3613 8584
7541 5868
8222 4479
1418 8451
2376 661
3262 784
7131 697
5191 3179
7383 4738
6777 2583
770 2568
3597 1136
4750 521
5175 2223
3637 6562
5370 7249
1497 2910
9468 9718
7388 885
8168 6116
7897 7782
6899 5028
8478 8441
4558 5860
3179 7686
4794 300
254 8390
1435 1355
5263 6609
9930 5251
9522 5299
2499 1019
4560 8318
7088 8299
5555 5256
766 3451
9389 7664
4830 7866
2457 5739
77 1987
3425 4870
2286 30
9611 73
7736 4873
3033 7665
6475 2555
9315 5325
9925 3874
3643 7012
2173 9197
8619 2938
8999 8007
6954 181
2224 5762
5919 2300
7748 5695
7169 6385
2076 6780
2809 9812
8004 5842
3828 831
4748 9495
6155 1024
3368 9797
4387 1892
8993 9358
1182 4344
7364 4487
4524 9588
6600 442
8239 4347
2489 5408
7083 4564
8539 9892
727 2894
2085 907
3724 3184
401 9879
4207 3768
9675 4945
2012 5020
4302 9545
9363 8018
383 3886
7605 6982
679 5843
7680 9519
7602 4762
4083 6140
1005 1161
5386 9441
2067 9109
2624 2467
8987 3182
2587 5014
8127 950
6385 2428
494 5747
445 7228
5984 4401
4209 6662
6596 1888
6181 549
3001 6615
6689 4006
4127 8426
3446 6194
7534 2422
5012 2873
1955 7598
4238 81
4899 622
8861 1744
2720 5657
8971 8703
6410 3179
1716 9357
1418 4248
9905 4419
862 2945
4776 1341
1370 4573
7534 5256
3346 8897
8128 5301
2847 8717
1733 7745
9338 6945
9489 8409
2602 8459
7111 5363
7990 5178
4719 5759
9426 4623
177 6639
3920 1304
7979 5289
2229 1864
544 5574
761 5023
874 3607
3739 8959
7703 9428
5903 7191
4188 4856
2002 7650
218 6343
2828 1288
2101 2253
2263 8630
5243 6182
6285 3222
1470 8513
5085 8366
4087 2197
9740 1312
2155 9831
270 9858
5610 6173
3400 9798
1028 5401
7447 7598
8095 274
8885 6548
8878 1147
5177 4121
7328 7813
7342 5150
6326 8778
3515 6764
7327 9606
8075 9481
9436 8345
9338 5046
869 2738
4843 8248
4490 2289
5845 2585
8915 1082
9132 7792
2228 660
1912 5908
8472 5605
1057 4797
735 923
7912 8061
528 5987
7541 9964
683 6879
1361 1551
5968 6203
6150 457
4843 1995
9393 3757
3076 8524
7901 1655
5535 9812
7562 359
1769 4970
1507 2503
2244 9419
563 9124
5405 8103
5439 2439
1333 6799
341 7300
3001 6490
4109 4195
4836 3501
7952 4263
8377 5852
5918 3911
2015 9831
4269 3783
1153 5776
2637 3396
1546 3199
8871 6950
7654 4309
9388 8986
1107 9728
2638 459
2569 6746
4654 7405
246 2605
1667 8622
4808 3936
8885 3174
119 9505
6957 7623
5280 9593
7370 6825
9144 6241
126 6797
549 5865
2134 1656
1944 1123
2114 865
7868 6767
8269 8114
5723 6287
3087 6882
6575 1971
56 6693
1476 3364
4315 3107
9308 1684
6284 4803
7924 2761
7951 4825
4978 85
6480 6921
1207 4945
7785 5427
1712 2405
9892 3786
8692 2978
7020 1618
1301 3427
8310 9128
6790 8976
8586 2449
7011 4869
7252 1287
3982 5202
6111 8959
1638 8942
2231 9197
3886 6368
4623 1949
8772 4514
5735 3815
7491 9106
5432 5143
2532 93
4270 9321
9068 2856
8121 2431
4076 1724
3717 4409
6926 6179
3367 4915
5120 1950
4111 9005
8317 8733
954 3440
3246 3040
3607 7089
2145 9038
8583 1028
5483 2853
348 902
2060 4820
3332 2487
6544 3400
6896 9821
9578 262
4735 4697
2211 5198
54 6879
3930 7359
319 3528
398 3925
6968 8894
9314 5550
9921 1148
4754 6620
2050 6813
7791 1733
9300 4334
5133 6195
4154 4710
2808 5241
5759 1371
438 5812
4601 719
3170 4919
4246 9919
5195 1213
5164 861
3115 1436
2008 7868
4407 409
4681 2197
2142 332
2883 7274
2878 3388
8335 2037
8628 445
3407 5417
2608 8008
6136 5777
9278 6733
2047 825
4298 3562
8037 7412
4997 6396
5279 9403
6805 6311
7952 8946
2994 834
2571 5871
4221 7257
7908 9201
7702 7666
969 6661
2025 7104
2438 1303
189 836
8479 4486
4398 6515
1897 5746
2910 3527
5149 6066
6190 9452
1363 9183
285 3933
1406 857
7542 9313
6409 1595
3330 7378
8255 5355
4481 7044
3009 1021
4232 1487
5506 8629
4353 3754
4374 3614
7281 5874
9680 9822
1677 1042
9004 1961
1327 409
9170 8868
6073 5578
6814 9403
9307 1420
4757 140
8464 4117
1160 2695
5603 6666
7675 6307
419 8400
9920 4051
626 9599
3872 2302
641 9228
615 1967
5988 6136
7186 2061
1713 3999
1463 7372
1770 2571
7511 233
6687 8670
9279 8641
5335 3305
4947 2106
8057 4866
2508 8682
817 6380
983 1457
1959 7949
9775 7946
4084 6960
6 2149
7310 7820
9520 9079
6742 7030
5664 9780
5699 1294
8420 7386
4599 9718
5843 9007
936 8350
7688 1752
1081 5022
3208 9391
2971 2982
7337 3406
6293 3694
5554 3602
1514 5073
9032 4607
8454 4695
4387 505
2341 9158
7890 3291
5228 84
2297 6163
8433 9984
7914 5866
1357 7473
5256 679
6806 8944
4085 3098
2638 9638
3051 503
1063 8434
5109 9516
9481 5847
20 1821
5005 4261
5111 232
4344 3759
6394 9129
3742 659
1346 1450
8131 6601
2129 1288
1897 6213
737 4534
2202 3787
5036 3264
2220 6496
2780 1700
2343 9151
9872 7347
3412 4982
3930 4107
8740 6675
3235 8833
7333 932
283 1815
3885 8763
3102 5781
4975 3838
314 7176
3976 1701
6792 2547
8196 9571
599 538
5073 470
4236 8484
1804 8165
8943 6895
4839 2177
2080 8523
9461 8714
6689 3345
7476 6142
9125 8802
6331 9438
5977 306
1138 9120
9205 5685
5042 9803
6223 115
272 458
4950 8427
8623 3892
5322 9813
2421 3753
8336 1881
2466 5024
5225 9941
7518 4349
5094 3848
138 7422
4154 7627
6542 3358
3311 1583
9512 5885
1697 6135
6343 2999
4562 1317
6890 6235
1129 5662
6339 5816
7542 8804
7192 9118
5096 4709
9818 189
8556 6307
7610 9061
3933 503
8770 3596
2086 4633
9480 134
768 2174
3132 1681
9842 6374
4267 971
2035 605
3138 5929
9408 6681
5046 855
7741 4864
7395 6297
1170 5004
1709 1455
1859 6831
1402 3944
1463 7233
429 2230
5759 3561
3910 5600
9934 8176
6570 8320
5132 6060
4248 4539
9092 5646
1745 6833
509 9139
9481 8030
495 1189
5836 2353
8019 3589
2648 9482
822 3076
8063 6580
6636 8325
2179 2921
2852 5101
7593 7984
7512 1840
8874 6603
7485 619
3435 4345
9757 2915
8727 6603
456 4562
8955 8474
8151 1602
4307 5324
4678 2370
8255 7665
694 433
6938 3545
1885 4530
7880 9396
6369 6754
2351 206
7372 5785
902 3480
5052 9628
83 5507
542 5389
3980 5044
6991 4639
367 8020
7008 8621
5684 4053
5405 2621
3949 3642
7150 1829
3037 9871
8582 5387
6428 2305
7524 7329
5784 2575
6957 2218
8081 3850
7607 8412
8893 949
3050 9259
8968 6409
4231 4651
6813 5987
3624 762
9628 773
2590 9017
6995 7523
755 3422
9827 8278
751 1962
7204 4059
4180 1636
7908 8138
48 6800
9086 9449
2410 8053
2210 2992
2703 9022
8978 6326
9783 4958
3451 8724
3974 445
6246 4728
219 2424
9358 969
4386 6561
1379 8565
8197 9286
6702 4596
2437 5787
396 1198
191 2605
4189 2893
7979 9518
5571 7761
4475 9021
2837 4800
5817 5434
9528 6035
7858 8885
3355 8595
1797 4733
3511 6345
370 212
940 9158
2350 1336
6707 8892
292 7247
1784 8270
6765 3706
2383 7591
9078 5219
8743 4895
7004 8270
7281 4861
3506 636
9807 5302
1720 3317
1647 8442
9880 8938
3951 2229
6625 658
7472 6917
7904 9256
5186 1020
9313 7568
4963 8391
9138 3705
3285 6142
8326 565
7354 1831
7552 7161
3484 5624
477 1482
4065 357
6772 4367
8937 3396
5024 6409
312 9280
2016 5498
299 1328
9417 1613
9718 8555
5317 9354
1048 3642
6271 4753
1824 174
1913 1660
5797 8742
3141 6213
5450 9912
580 738
9660 5603
3498 9971
1234 1865
1820 1533
3193 1237
3145 9262
6143 4814
4968 3542
8455 7590
8294 6631
7763 6559
8290 3560
1652 1430
6124 7101
7694 6703
4190 7353
8658 7688
3675 9891
9552 5495
7775 9096
3083 7272
8358 5577
2085 9677
5470 6891
7266 3763
3521 5028
321 1810
4939 1972
9592 1063
5424 3637
4117 9614
7341 9126
3653 1015
9017 3204
2861 3143
2300 2295
6766 7009
4223 8850
3037 9692
2093 302
3455 5613
1681 127
3775 6620
8451 9718
4034 226
9706 8150
9839 7046
7276 3491
4412 2644
3047 3625
2138 1698
2271 8904
8706 6494
4105 1742
6185 6197
8395 5991
8162 75
2470 1936
3046 920
8005 7079
1145 7710
1581 7336
1107 8856
7178 5518
7851 224
9142 6340
8273 7765
5243 6978
4258 9348
5071 6794
5544 9817
2785 57
9892 1606
1992 2937
2525 6348
6368 21
4057 7948
3708 5163
6803 886
7033 1005
7461 2526
7344 5734
290 8939
9063 4547
8286 486
1341 181
302 477
238 6545
2082 8581
5834 958
4929 2201
7330 5337
148 1038
6852 3302
8275 3884
4306 2087
6409 8001
4172 6699
6939 9587
7597 1576
72 5289
1757 6725
5765 8346
9622 4198
3278 5455
5155 4558
4007 8837
9895 4154
6226 3098
7455 852
6981 8112
2938 3389
2464 3462
6439 9403
3048 4036
978 9471
9324 9086
2547 1441
3783 2168
5638 7061
3974 7145
7970 7980
5981 4216
8485 2206
7313 2291
9409 4293
6754 2346
4034 9218
2159 6824
8620 5206
859 5949
1028 6535
1387 3575
7975 5169
2094 9964
8581 2420
3460 2903
6751 9440
7118 1588
7997 4431
3878 7405
5075 632
6103 5460
9849 8261
2284 4820
9819 9494
7120 7198
6028 8506
772 354
27 9218
6670 4959
7989 129
7861 1091
9569 4979
2678 3917
5761 6556
7674 7187
7187 128
2647 3387
4740 1282
8206 4558
775 5325
1756 6803
183 8879
3508 209
4448 177
5167 8788
306 3028
9879 6226
4358 2556
6494 6470
5463 4167
3656 9001
646 6302
2387 5386
7583 6944
6295 4710
8621 8050
7864 8803
3281 1371
5363 4080
1548 6881
2868 8205
9908 9098
4430 617
1653 923
7086 3468
1442 7094
2468 8439
3395 4855
3824 7330
8150 119
8391 3122
4520 6254
1924 4152
7624 3638
8232 5523
519 7451
3727 6778
6548 4508
7395 4552
1783 832
8019 9576
7925 487
8014 7672
1693 1838
1353 6194
8308 9743
9316 2827
5996 7591
6979 9971
1229 1562
5494 8099
9012 5572
4876 1911
6432 8622
6462 4566
5806 4481
4141 3730
1319 8506
7753 9363
6695 9105
5556 5002
5199 4871
4181 7546
2462 7511
7517 42
5424 9362
8140 787
1285 3015
2697 7716
7989 9158
8633 3794
9990 2773
7523 7660
7631 1628
7022 4325
732 2578
5679 2283
3800 6211
9828 6261
3721 7344
2654 9144
6705 793
9930 4342
160 8978
2057 8148
4487 690
1941 4477
9814 5815
8488 3796
7442 5510
8121 4526
4439 151
6808 8238
6361 2987
851 6433
331 3504
5576 3387
649 1857
7728 808
834 6137
5307 5320
3178 7247
6148 9343
9413 988
3139 3207
6497 7611
7732 935
7761 891
5524 473
3877 6374
6905 559
6230 8832
298 6878
7040 8025
7685 4225
513 2991
5896 3690
6589 2044
3033 2353
9383 6171
5559 5879
133 9642
3165 4245
6884 8688
4717 7113
1414 1621
4023 7643
6804 4320
872 3843
8697 8556
8067 9209
7898 3962
2899 838
2357 2283
3190 1739
4805 5101
3969 4937
1094 7133
9181 7978
2173 249
1442 9938
1869 5464
3932 8672
9784 4803
8866 8480
9710 6932
4040 7607
7245 6938
4796 5954
5572 4337
7692 6728
5789 8013
1664 6883
1497 7196
1212 21
7444 2653
9958 5664
8116 3889
687 4251
8691 9552
9082 4752
2835 3122
2358 6432
6411 3505
2385 1983
7842 6428
8710 3630
4440 6726
6864 5937
273 8075
5957 4069
7079 2267
6084 1547
2507 6771
5797 7550
2674 4879
2301 5509
4352 4659
1940 762
4515 676
2744 2356
7103 7806
2338 1543
883 5553
3831 1155
9980 9787
1575 7058
8405 7659
4956 912
781 753
8461 3454
1983 761
5314 2686
1771 3605
3447 6286
4280 2543
4993 1383
348 3682
2925 7582
9235 3107
5088 9214
9245 6663
2623 7650
4321 7579
8561 5101
4683 7021
4906 3017
4133 220
5702 5904
3824 9148
8541 8104
1690 3533
5838 8389
7215 5114
5970 2801
8220 1058
2014 7464
7720 988
5113 8392
8566 25
9844 3248
3397 4749
6264 7530
4968 1965
9785 5144
7465 8325
9599 9154
1857 5436
7543 5423
549 3512
8223 8768
4569 6588
2583 8640
7576 4048
7031 2493
4072 3226
5741 7469
7975 8356
1350 9294
6673 1134
4437 4137
9458 4035
3290 1314
9470 7184
3089 6370
696 7663
1489 1616
4251 4072
6608 8178
4471 9990
7022 8542
3216 2762
2362 1190
7470 3711
483 4142
4844 1272
8278 4301
1658 1567
1967 7480
8751 5055
3849 5798
2717 1690
3765 3319
2113 372
7848 6583
362 4870
5124 3577
3983 7486
1118 1452
7548 7952
5593 2392
5575 3870
3044 7233
1789 5010
4712 6891
6416 4912
2688 5485
6601 2804
5155 8713
3176 3003
5295 9889
4224 6771
9817 4558
608 934
6010 8155
5237 7954
6898 812
8176 9942
4396 9964
4951 9107
3206 1367
4018 5893
3203 619
5048 8357
5683 8223
7711 7330
4463 1934
4100 4279
2844 1059
1564 5205
9213 3153
3158 6111
3964 7685
2404 8359
4000 7354
3817 7205
5072 7834
9449 8274
4804 4497
2983 6839
9071 693
4168 3534
2627 8267
4164 1822
9325 5728
7026 4889
8880 183
7351 9195
4220 9754
3905 8219
3460 7721
5424 4883
1906 4872
9509 3062
5720 2491
9900 4791
3183 4067
8324 2161
8685 2487
3982 4361
4566 7359
5601 9797
7542 2952
8991 8113
9057 9247
6331 2516
6967 8106
3751 5225
2978 3259
8286 5049
5749 8185
9839 5283
8603 4514
3796 3639
3353 4129
4351 7918
1488 9951
7715 5381
2902 3057
3493 8311
2304 9823
826 5622
7929 4576
846 7258
4186 9131
8658 6286
3667 8497
1569 8621
9362 1716
8611 2714
5844 2961
6984 7331
2912 1050
2711 2165
4106 2555
475 2761
8730 7653
8383 6658
8580 5580
267 9118
1063 8924
5403 1081
3772 3323
9702 3134
5038 8312
2199 7234
7625 9182
916 6888
231 9979
9052 689
2533 5879
3449 1262
9883 8183
4271 4814
3763 889
3931 4825
6165 9334
5905 9936
9008 1958
9421 398
6622 1620
7631 4246
801 8546
1133 7384
8524 6536
8072 7409
2414 7872
5022 8648
2407 9293
3462 6169
181 7392
7345 2697
3077 3249
2633 2085
5207 2053
2482 8180
3672 6464
2425 825
1361 9909
8208 9885
6444 2631
3645 5210
6854 8666
209 9260
4310 3670
1780 4491
7414 9124
3539 490
2373 6171
8926 3931
4576 1407
8462 4599
4222 7238
5423 5583
7146 9982
1819 9941
8964 5463
1502 2170
480 1711
1429 4790
5380 3209
5632 2793
2332 9170
9635 1056
5341 8560
1338 6268
6319 9799
866 540
7036 2641
6122 533
8974 7940
474 7938
9754 1975
107 234
3685 7887
5023 5417
1095 654
4561 9779
6175 4195
7186 1515
9107 8524
4134 5425
8322 5000
2316 1710
7640 8438
2242 2965
2729 2715
7254 8835
1042 3712
5420 1078
1599 442
2846 9045
7447 7407
8823 3621
7953 6009
1488 7059
884 5621
2483 5557
6972 4799
7266 963
9588 5860
3928 8668
4926 1181
3854 5967
4893 9273
3397 6491
6066 6242
1887 9864
3648 710
3485 1601
3070 1324
5011 305
3296 7494
5861 268
8644 9479
1230 4583
5338 1509
9602 263
2690 3456
6230 7582
2728 5978
424 8794
2219 2310
8657 2219
9371 8493
171 8792
6168 5181
5448 5816
2674 1309
6083 7669
787 3664
2251 2476
5173 1853
2738 4214
1660 5319
1795 4387
1296 8570
9532 9867
7231 4541
2085 2954
9385 2255
8097 1905
7435 3545
7720 6461
4853 3802
481 1991
3817 9084
4466 8989
7288 7203
3202 8947
8874 1348
9685 169
6269 9217
35 3500
109 8471
6453 5845
725 4549
7749 4512
4445 5468
7324 9297
5621 4156
7639 9438
3239 2104
4778 526
5659 4332
9472 884
5679 5509
1052 8300
4725 7439
1799 1185
5909 4603
7029 2986
5503 1130
3849 9948
6597 7524
5596 2218
1679 3235
8007 4918
1690 2784
1795 3700
3467 7619
4583 5498
3127 1987
3797 4203
9425 1947
5387 1685
2901 8767
1022 4755
9896 1222
1054 2845
5097 6650
1414 6776
6236 9420
8045 7925
8555 9839
7977 2022
7457 2559
7519 583
4545 7667
4785 321
9613 6523
8358 8865
5290 9379
3619 1537
6953 4673
4381 2049
7674 5794
5176 3909
1565 3220
8185 120
9411 6161
8493 3219
5072 2363
154 9616
29 1290
9937 5993
7813 4646
4857 9454
4024 8475
990 7328
3147 1723
9377 820
3868 904
1080 5433
4124 9265
1904 9886
1777 6748
3104 6848
9110 3257
6464 5490
4547 2752
1482 8711
7397 6338
8164 7772
1164 5505
1452 663
3579 7180
7834 3799
8083 8914
5583 8558
4530 7486
8443 6306
585 1547
9506 9694
1155 2321
1535 2053
5072 3016
763 8820
5705 5278
2943 3220
7135 4394
234 7065
7925 8068
863 6008
3333 6445
4565 4214
282 3008
6871 866
906 6376
6911 8412
8696 8445
465 119
7812 7579
5290 9868
9209 4585
9440 2695
5330 9673
9759 3255
7740 622
9262 7424
7066 3826
1637 3700
3185 8508
4565 442
1235 7828
8854 9931
6272 5670
6401 436
9600 1691
6655 5160
6275 6094
7854 7956
5767 3965
1210 9858
4586 471
7282 8003
649 5270
1702 185
129 2619
627 1364
446 5832
7646 3069
1501 4046
3504 7452
2088 159
2612 4714
6252 6817
2670 8370
781 231
8228 5366
7054 1861
9721 7702
3482 7774
4238 3611
392 4864
1326 7189
7047 8971
258 8547
9368 3761
2351 7808
271 4962
8873 2875
8130 7894
1244 8911
8125 5823
628 5178
4035 348
9231 7517
4474 3468
7479 1217
4684 5156
8406 1730
478 8663
6629 6197
8775 8979
4004 9046
292 9229
8272 8421
7122 9515
3683 5246
1690 4311
423 2076
1010 6005
5944 5483
9473 3422
6700 508
4929 5105
2237 5406
119 5217
1603 8893
547 1958
4290 838
1186 2561
5611 8308
8428 9293
9905 6469
9955 6680
8544 965
2684 4488
2799 8508
4261 5850
9015 9190
7306 7604
4595 7424
2820 6197
2669 3367
4507 3310
556 5692
5871 2518
351 650
8163 256
7118 4469
6935 5661
5433 5970
6500 4584
4478 761
433 3492
9950 4091
7447 4544
1514 267
7093 534
9985 1599
3844 6892
3642 6066
5762 3993
6715 276
4248 3832
4744 7534
5844 6529
3503 2344
1112 4332
3104 7896
4176 9405
1986 1622
3948 9852
8240 7392
6737 4576
5342 580
7820 8984
6645 3581
9328 3359
3856 9927
3542 8599
7460 5738
1479 7314
4433 8942
1646 7536
6838 5821
6940 5175
3794 7239
1378 2034
983 8115
6609 6324
8694 4428
1659 1691
4360 986
1401 4567
912 1295
9518 4723
7032 996
8389 1464
9938 34
5351 3127
2206 8642
8301 2351
2232 9679
4384 3214
4145 7345
5890 9190
8124 7548
880 2484
8534 8633
7050 5797
9927 2919
520 6958
3915 8908
4773 204
5293 6475
3330 3850
5116 1630
6200 3699
7660 584
6913 8156
4280 9154
7346 2403
6701 8225
1238 1586
6857 4640
7383 3135
7558 4254
6444 7824
3161 1216
8027 4805
4042 1356
8654 9157
9338 1205
9208 3349
8140 6120
1505 2419
5273 8850
4822 8325
3426 2411
9911 6635
7050 7293
9769 4608
1546 6213
2431 1058
3780 6810
5862 7822
8165 867
3330 7502
2071 2537
851 211
5008 2355
8981 6632
7556 3802
4957 981
2565 4867
3967 9614
8511 88
573 6408
2652 9356
7465 6431
6165 9678
604 4329
6896 3934
8183 8966
2822 5385
5528 7830
4091 4509
813 1646
4662 5769
8978 7226
6987 2945
3192 1849
9384 3764
8256 2035
9471 2072
8465 5635
1749 5421
6316 8644
5706 850
3962 8527
6234 9489
2708 324
349 3521
8321 5011
5641 7298
8588 8980
6594 1779
828 5977
5543 9084
8011 1365
1155 2828
7000 9256
4600 9667
7899 305
516 8212
8831 6749
7701 7891
3424 8049
7763 1744
9411 3403
9041 7999
2382 1987
9777 3210
7963 1671
8645 2326
3036 6151
1505 35
5406 6104
6053 9657
6408 6568
7868 1590
9668 5568
9480 3091
9969 3594
1186 9379
6997 226
7377 5730
8564 7154
8939 6527
5176 3935
5204 8211
86 6708
4597 5491
9163 649
5147 5570
3568 3015
3511 3235
4934 9343
2677 4902
2936 3862
633 9932
440 8009
5662 9003
1514 952
1881 6690
4887 7084
4900 4972
143 5849
6814 9305
6497 1961
4874 65
1327 8385
3299 2612
7727 2328
7514 662
6189 8146
6946 6628
2506 8959
5631 372
9910 7511
7061 1148
947 8312
6119 1089
4160 9285
394 7009
7597 1619
7073 8923
6355 6723
7886 433
9050 5399
7447 1591
9896 4392
8218 8754
3350 200
9125 9611
4063 2537
759 5009
7200 3229
2449 1360
2513 2842
4720 109
813 1792
5383 7167
4866 3269
3952 3916
5019 1398
1858 1267
2141 75
6372 1842
6627 5496
1452 689
4384 8562
2049 1583
1791 4497
9294 655
3691 4013
7116 855
2156 2498
4373 7022
2118 8324
7289 3489
6073 9146
1107 8213
5572 7478
6406 8550
9325 7858
5590 3708
2771 7638
1642 4561
8487 7288
1568 8529
7652 8683
9383 6160
1180 107
3181 9650
8431 6821
9490 855
2318 596
9068 7889
8073 1825
6439 7397
6034 8380
7456 8805
6018 5449
9717 856
2736 1284
5736 6740
9966 5118
2899 7498
1576 2431
7147 6
9251 2988
7213 1568
3583 6280
5808 1655
4456 8598
5403 490
6978 2858
9294 9347
8306 9010
202 7394
6646 2289
4133 6611
3758 7031
4108 5333
9461 7606
1691 5063
593 8903
6630 527
1534 8789
2181 5989
7387 7583
6478 716
6792 2123
62 5098
7485 6615
8843 4130
8903 2975
740 2660
6357 1200
7992 2169
5157 9682
7231 2102
4936 212
2628 6469
9000 1161
2458 6386
8743 5287
7101 1887
7410 3514
6984 4894
128 2178
9023 5382
5152 6114
8041 7860
7313 2385
28 8822
8418 3610
923 3354
3821 9902
6174 2820
1062 8631
5558 6157
3918 9010
8043 1327
2524 1378
2572 9003
3555 1594
4385 5058
7707 8777
2917 1372
7513 9296
6545 2283
2905 3819
1988 3077
3720 8161
5896 1134
6792 1453
7290 7061
463 5332
4739 9338
6709 7310
8340 6615
5255 9076
1672 9313
4205 940
684 1717
6587 3580
3999 9491
7398 5986
8919 1118
4147 4814
2251 7290
2619 5892
702 9433
1223 5440
8770 4283
2749 3461
897 8003
8889 8920
7315 3093
6211 4351
4809 2797
7930 5160
8639 1680
1145 7557
9149 1643
2370 7751
5284 1340
3642 5985
772 1216
1424 5893
5498 524
5706 2746
4878 4594
8017 8545
7686 4227
9247 2494
7023 7176
4005 5661
5207 5150
3217 4355
3144 1938
2105 4780
9630 5746
764 401
6961 8540
2646 8810
5415 8351
7907 293
2944 5923
8837 6981
6501 8083
9474 3523
1610 3479
5535 6817
4980 5103
1171 4475
7041 9628
9254 3022
5373 6370
3422 8686
1261 2419
3847 6675
769 1754
6967 64
4028 2155
7044 529
6589 2870
403 4551
2700 5938
7719 4031
1040 8889
8505 4432
4868 4111
7453 241
6832 7227
5278 8092
9645 9124
4766 414
877 1733
6829 1257
239 3873
1785 6828
6742 8539
7730 5793
4476 5448
9823 5516
688 8327
6299 5556
8789 104
5796 5620
7330 1073
3711 6974
6548 8477
3739 3777
6561 568
5033 3151
792 3169
9978 7533
1707 4059
9677 6183
9506 9499
8050 194
4177 700
5749 2966
803 7896
8585 8132
5320 8648
1458 1867
7124 1548
1995 36
2115 7027
3186 2906
6547 9516
6790 8254
3574 6466
788 9432
5964 5189
9625 141
2240 1725
9458 3043
5972 4394
7526 1291
3041 8983
9509 6516
6883 1504
6551 8997
4882 6089
8255 1429
5604 1396
6034 5529
4214 3173
4960 177
4713 936
6669 6952
9012 2478
9994 4983
6872 3872
2625 9912
9206 2134
2780 6088
9989 9330
5085 1222
1770 9691
9002 3725
1086 5035
9254 5299
4559 565
1828 9271
7853 4848
6223 6864
7326 2568
8199 4197
6439 823
460 5645
9308 3239
1732 5648
8921 3168
6870 7042
2858 5871
767 296
7258 6372
1946 1816
3288 3773
1087 1140
4973 3661
4356 2298
2580 2554
2846 9019
9728 9657
1015 9036
2896 2746
4683 8168
2266 1552
5209 1475
3775 2327
1770 1032
8698 3716
2847 1986
3840 285
9477 8812
297 184
7461 2877
2737 306
8247 2465
9963 9261
7852 9210
8358 2534
3729 623
438 5289
2098 4212
7616 219
5243 2665
286 4441
1002 4126
1078 6831
9289 7726
7014 6750
602 6103
3407 8848
4919 9721
8108 2770
8930 2818
1655 9010
3440 2092
651 1889
6303 8266
8460 7897
7282 8745
8690 8284
9222 9767
5114 8511
3844 2127
1612 4446
4581 5018
9645 9499
4739 4105
2268 20
6922 3923
5382 6713
2366 6032
8602 5021
649 7061
2917 7930
2157 7958
6213 1379
4076 7678
6241 7920
6157 4204
2365 737
9221 8361
6588 311
2465 8855
331 5738
9129 2064
2451 7847
8095 7404
2867 8743
4464 2135
3024 2972
93 9237
702 4168
3266 6942
2087 9422
7497 803
6511 6718
9164 3098
3380 7980
8304 62
3718 3785
2125 2520
1631 219
9923 4497
5313 738
2983 8337
3709 3075
3925 4411
7243 7190
7704 9329
2964 5201
6484 5826
8270 5647
5275 1649
9978 3578
1711 47
3714 3835
2566 5344
406 2488
6192 5718
9577 9175
406 3286
8601 682
4048 5843
4224 1751
1524 7187
3303 4359
9364 1572
5 4638
3221 6334
4567 1283
6381 8281
5117 8946
9976 1874
7786 6168
3944 7362
1694 4349
6999 6646
5031 1046
2489 9254
9149 364
2792 2451
1074 8507
375 1078
3144 9947
3763 4062
1229 143
2342 2697
5441 2318
4571 3226
4837 4866
6939 2882
5566 3938
9527 596
1335 8367
6201 483
5082 5344
9286 6155
3850 9660
3584 3345
5958 7347
7407 7186
7489 6100
6234 2929
8417 7156
2506 9605
2021 9445
8838 7587
9734 8365
4534 1068
3083 7087
7903 8165
8782 7188
4319 8984
3199 4255
8680 9156
1601 6086
2693 5441
8538 5278
4722 6954
2434 3579
2911 806
3023 1748
4744 9108
6464 5630
176 9547
9068 8078
7711 7849
1617 8381
6832 4815
8987 5512
322 6939
7949 9366
2380 6486
4643 3453
9792 3428
7031 9054
4234 6406
801 5329
5513 3617
958 5688
3163 25
117 7225
4226 1733
1957 7409
2899 944
9272 9572
7882 7221
5289 6613
58 9932
65 6201
9711 3448
5254 296
9853 2407
5625 1717
6023 2934
3757 5537
2959 3873
2761 3536
1958 1069
944 1208
2012 216
7132 6246
3788 2420
2858 197
8703 9275
6398 8414
9074 8003
5061 8926
6761 685
6994 2783
3619 750
4671 2929
4623 3783
6464 2932
4852 7407
491 6863
3974 7622
3108 7761
42 2318
7958 5096
7944 707
9861 7017
8709 4922
2294 5470
1958 9287
4604 5576
37 5627
4856 1011
9409 1319
294 4260
5078 784
7475 9051
8406 6934
6812 4799
9251 1121
9894 7194
8179 6107
4210 6887
1028 2855
8708 2985
2142 9664
4913 8530
5290 9768
9540 4698
7439 9833
5310 2516
616 2784
1566 5373
9717 4729
171 8968
2201 6417
2513 379
8875 3075
3618 9902
5929 2325
9238 4422
8340 502
2951 3629
270 2490
4679 7708
8674 9988
6575 5642
2771 8140
1014 8839
9221 7537
4158 1421
3953 6671
1800 2827
6097 5417
9080 8377
4093 4669
2799 2433
5171 5749
2413 1792
4591 7091
9499 9616
3430 6073
5257 2552
564 6271
1391 9784
3807 5548
7557 4111
8570 9356
3289 1018
1124 2368
9395 1568
7036 2193
352 8558
4293 2765
349 5235
6207 9847
4851 9637
2271 107
2188 9187
2729 9930
8970 2887
1830 6526
6997 399
2233 285
7769 9708
2652 7163
7628 6040
5707 7979
4597 6351
7095 4946
1586 3302
1144 2788
9290 9767
9246 7829
8953 1975
7759 4274
4861 5940
7152 8210
2690 5736
8494 458
1796 7498
3972 9423
9889 9678
3753 4485
6029 848
5782 3966
501 3278
6753 9790
3044 2350
3970 8348
4324 8080
2621 5537
4019 6124
3746 6709
1860 8591
7166 3655
6088 1138
9429 5976
7167 3181
6813 9547
380 2594
3512 880
2223 6616
7021 5266
5318 991
3613 9641
5422 2586
1529 9441
8709 5274
6149 6920
217 9666
6926 6304
803 6354
8632 4322
5887 5444
3868 6266
4389 3732
3498 6612
6699 6870
8229 2016
4212 8194
8009 9634
779 9537
9074 5839
1163 1574
9111 1379
1239 6036
7682 8394
2390 2665
2715 8276
8108 6582
893 8849
6665 4390
5460 3364
1260 40
5379 1823
8233 3387
1456 5363
9276 6881
1202 438
8454 6664
1816 9693
2699 5849
8086 5088
8514 7152
9715 2973
85 608
8173 6750
1349 9984
113 8960
24 1843
783 8256
1582 8590
3619 857
5471 1172
1294 3924
7835 9461
3616 533
1661 8053
1973 6526
5204 1687
5851 1641
8646 4023
8390 9995
4007 4854
8954 4030
3048 6088
8637 4629
4678 2255
5485 148
9778 3130
4071 7612
8942 4039
4497 6955
8443 2821
3480 9999
4507 5682
1639 9505
9705 28
9499 3711
1233 4804
4092 4280
7244 2728
8909 1921
1335 745
8420 1112
227 8842
5076 5520
2880 5924
2474 7675
8744 2306
7673 3250
7987 9311
9106 4043
5690 8604
4105 6922
9760 8196
7553 3355
7276 2813
5275 8610
9910 46
9721 6488
8887 1148
2007 8119
7071 833
5793 5814
9490 3465
5416 3828
2775 4521
7871 4816
9477 1975
8089 5588
6523 5641
8942 3798
4806 568
8759 4715
613 4831
1202 9499
5979 9560
7617 3049
6744 3409
5215 2585
6873 630
6413 5999
5150 4283
814 978
2609 5254
6565 5483
7247 5506
5632 2052
6073 4390
3118 6685
9221 671
2536 1551
230 152
4599 3326
3561 9813
5910 6785
6794 8674
9136 1944
9308 6301
2921 1917
1555 5838
3751 8801
1343 9383
7204 3768
124 321
6804 9344
991 9339
7246 7572
9491 1845
7249 9403
8009 9511
2539 4803
8184 1674
3098 7492
7975 2370
9408 5881
8207 9510
4681 5902
8892 8236
9669 5368
8556 2824
1063 5898
2163 8309
9821 1653
6505 3422
7407 4513
2932 9945
5667 1115
7971 5116
8606 5945
7486 4365
8177 2044
3875 9209
7945 9118
7444 3965
4485 2351
6789 5548
4600 5303
3856 4420
3307 360
7841 713
1224 7124
7009 3243
8239 4979
8358 6844
7275 5843
1209 5451
4239 1435
4659 8535
552 2102
8852 1389
804 1992
3288 5403
7294 3495
6175 600
206 367
1312 1429
7491 4672
4671 5729
9651 9381
8924 3277
1575 6484
5080 5813
7918 9738
4348 4822
8192 3199
2562 8995
5190 5849
750 8835
9343 6924
9434 9548
7290 7097
7328 1132
1768 8351
6860 7770
7731 2136
7399 9305
8619 2478
1470 2889
2215 5817
4062 6758
5367 6623
5753 6908
2471 2854
5742 8165
9777 5175
4064 3418
8623 1391
4550 390
6093 7761
4512 3823
9896 1910
9480 4867
4387 949
7755 2953
3117 1816
9711 4835
4790 1815
1742 3612
4668 7483
1776 796
9009 2191
4213 3983
9933 8762
4372 6026
6523 5235
6200 2770
7144 5679
7636 7882
2979 5390
835 6095
3557 6897
929 8346
8711 9022
1957 9730
2856 84
525 8216
2274 4737
2198 2207
9851 2922
8232 2725
8156 783
5494 1652
6462 9482
5885 5792
1223 3071
8239 4780
9967 9167
9477 5029
4541 1434
4758 7396
7869 1634
5612 143
6371 4161
8701 2573
7082 3284
5297 5238
4066 7142
3241 6879
6623 9125
2671 7846
2196 909
2625 8514
6427 8453
3543 967
6238 4652
4715 4107
6286 6678
601 9008
838 9301
1580 7920
8936 6876
9509 3001
4017 9101
9880 640
4577 8902
4837 6772
6162 3813
5286 2588
2265 5180
9907 8503
9831 4621
2609 2468
7650 9561
1475 8487
8861 3054
2758 7796
6281 8618
7148 6650
7718 3379
3641 2295
2280 8477
5418 8441
2289 7055
7381 4553
2234 7287
3055 8417
8259 2015
884 5908
1575 2359
746 6787
1764 9856
934 8045
8473 4434
1046 2543
7812 4686
1189 92
3162 6606
4884 5450
3661 2264
6354 2246
5902 5761
662 512
7775 7898
6419 5702
6608 3517
8840 8371
3372 6126
2767 8196
559 3812
738 8370
8497 1926
4813 8010
4884 9697
3459 4896
8312 9813
7141 566
5573 4155
1077 9699
8404 3848
1752 5011
7364 6944
9733 7087
3069 8852
5282 3627
9015 2372
8348 7512
4297 3161
1873 5532
9209 5332
427 7520
1496 3920
4437 3420
8074 5514
9470 2829
9361 7574
7839 3076
4517 3923
162 3937
2774 1795
7563 1789
4166 5910
5652 4815
5422 7524
346 4630
9207 7125
8502 7054
1044 2938
473 5469
4803 6295
8297 4163
3868 2487
3590 8384
6409 3751
8672 5535
1898 6234
3675 6063
8495 5678
7229 269
9553 7575
4898 5112
1051 9751
2165 2094
9041 8990
7562 3843
5284 2210
4358 9151
4696 7947
3886 7456
1698 2557
9342 9947
5142 3016
6009 9988
5045 3238
256 4598
7164 1506
6061 8214
1256 8225
6659 296
7214 4220
491 2497
2781 4848
7999 7476
2794 1884
1283 843
792 625
789 5933
3640 3150
5921 5037
2739 2528
5986 6254
4033 2046
4467 5289
6622 7477
1936 3836
8048 2426
2684 828
7273 683
4655 67
8918 5937
7261 9710
6561 8050
1994 6553
1199 4266
1589 3937
6794 3926
190 826
5971 1008
2466 2592
8484 4402
2779 2883
6827 1815
3710 452
8849 8364
6870 7766
4300 4130
3827 7213
2179 2173
3765 3377
6438 1705
3665 3231
5630 3854
4057 1600
1213 6522
543 6048
7275 9674
8930 4102
1488 8991
905 336
7354 7774
4453 8006
1903 4632
5218 4082
6804 5334
3810 9593
7038 7475
2824 2667
7680 3232
4266 5245
6105 1160
1292 3380
833 222
3833 8672
9212 4737
9007 2918
2510 9812
7275 764
795 2492
4845 3950
7825 5007
3542 4862
8833 6365
3880 6512
5948 4497
1756 2053
5656 9400
1784 6489
9621 5616
1512 5184
6704 519
4453 5565
6682 1727
6328 7476
570 7525
7777 4746
2531 1318
5959 1363
4035 9838
7874 9982
4334 5982
2034 9990
5381 3817
2830 1353
5784 4341
2888 2487
1211 7341
8051 4244
5419 4379
8071 5989
1903 5847
734 785
7165 3045
2147 1199
2882 6372
7532 7216
8705 5918
3557 4085
6086 6386
1789 1870
7078 4677
708 8289
8369 8759
2532 139
9489 603
6127 7743
6449 3213
8527 9965
6257 7025
7515 5490
3396 5047
2705 2101
964 6261
2537 7049
8998 678
5270 6076
1706 5978
716 74
1088 3247
212 6928
201 2691
4670 3002
2255 9548
9318 4863
6572 6833
6704 6319
8231 9409
8419 9194
2021 7308
2594 1019
7985 4216
7094 9690
6545 4161
6115 7632
7407 2678
911 3960
1720 5580
3313 326
1479 2630
1540 4402
5814 8244
720 4044
7652 5491
3237 6024
9150 2183
7042 7134
6398 487
3175 2942
4647 9289
6925 8406
8318 7835
8717 38
9766 2029
363 7596
1010 8255
1997 6824
6498 9068
867 501
4558 456
6524 3707
8990 9918
7192 5387
404 366
4680 5051
6006 7956
9808 4324
2142 8524
713 1907
552 7427
9502 1561
5681 7850
4736 2178
6917 5603
9030 1475
6058 5554
1533 1399
5471 5077
3137 2226
5442 7816
3628 7800
2123 3435
2123 4264
1958 9187
2522 8861
6613 2023
6774 2294
6224 1509
823 3140
3463 9853
966 9520
5406 8851
7270 7228
3927 406
9453 5720
8221 3081
3519 6695
6515 5641
958 4825
1179 3479
3685 7792
1853 6810
85 4428
8319 7259
7568 1781
7111 4885
7653 8868
3735 4922
6095 4013
5328 1900
9733 9900
4980 3251
2947 7846
5244 256
2670 6422
87 2707
4213 1939
5868 649
2719 538
7908 6638
2319 1370
1522 6323
238 1609
7596 2684
1973 9275
4583 1705
5527 5914
4956 8473
3760 6551
8728 2781
2972 8814
1839 3537
7105 7707
537 9823
8244 4796
2812 6914
6166 4333
9588 2755
2293 7184
5438 4266
6458 6373
5970 8336
2286 7277
6808 2397
3827 1888
5178 3151
701 3368
3039 4157
7426 3575
331 5670
8371 3142
8935 888
3827 8523
3642 6119
2058 5431
6736 4867
1803 9058
3203 441
2686 6362
2837 2865
8249 4366
6015 5302
7734 9053
9458 1511
8979 9789
3532 3701
9282 2467
4588 3108
7341 8229
5579 9398
3660 2314
4264 1814
1371 7466
2254 409
180 5091
3273 8428
5808 9287
3729 9893
4691 9539
1404 21
5679 4935
3722 4960
3753 8309
8068 1093
2890 3646
6842 2901
2311 1106
4714 34
4923 3320
442 5102
4762 3714
9882 569
3000 3610
462 4042
3148 8217
4062 8826
9503 7783
3786 3256
2444 8205
700 5333
8202 7542
8233 512
4999 9298
545 9921
2617 986
1375 7378
4699 1256
4299 4050
1217 1112
8091 4365
9328 8505
9542 5182
2639 9679
8437 5082
7883 9137
6766 6084
6678 1350
2948 1676
648 3492
7948 9616
4478 5674
3346 5528
6929 7644
5930 4498
5107 372
5214 786
8876 4755
5967 7867
786 4404
2948 8668
9892 6066
1104 2921
7415 403
948 4414
3894 5247
4030 4723
921 3727
6603 4201
7722 2532
8698 2828
2903 3911
3613 1779
8666 9579
9645 9451
334 8944
4470 6577
5009 1925
9497 8776
2327 6796
3189 2573
2043 3570
3647 2963
7296 249
7163 5017
2780 5861
4196 5683
6123 7808
3813 4788
3739 9809
590 424
5104 1412
7001 6465
9688 2849
5240 8367
9645 8428
939 1687
8350 937
1001 5645
1186 8163
7014 317
375 1209
2351 6498
5369 6163
7637 5459
2323 4579
5882 7427
2342 9234
3891 2029
8435 5482
6747 4431
261 4037
2469 8610
4974 3469
607 6159
7983 7620
6475 8358
5180 8826
1207 6900
1340 5195
2358 15
9773 4592
7441 2114
177 7683
495 8611
3164 7241
9393 3424
1278 1861
8386 2603
5329 8992
8761 9664
2963 1587
4373 4494
6764 5579
1394 4456
773 103
4470 6898
4694 8262
5363 1223
2296 5857
9833 1811
9450 5578
1586 7079
7438 9971
9681 9119
8962 4793
8782 8276
2731 3154
2770 5847
5084 4163
302 5856
4265 1123
2753 5311
9384 4468
6533 8031
324 2717
9841 6125
8294 1426
3203 5732
1397 9235
1202 6710
379 6335
4986 3110
9488 7755
8956 923
1917 5609
3130 2533
6731 2235
7843 2466
6702 4375
6848 7025
7092 6688
9502 1737
4465 2704
3820 5861
8291 5021
8923 8669
1355 3908
8130 7194
8014 7085
4468 6282
9045 7598
8814 2127
9832 3009
944 6533
3735 7791
3557 7178
4478 3058
8915 8943
2114 2734
1155 6756
7755 77
5424 5461
336 3554
9007 4701
6990 3474
982 2387
1071 6148
4513 902
5508 5457
7434 9242
3247 7343
6420 4077
6752 1686
3019 5217
4419 525
1972 8525
6954 3748
3986 3641
7301 9344
8342 642
2817 5675
3028 240
8174 3893
7493 33
9349 1279
5627 8947
4973 2046
3023 1724
3731 2393
3293 4501
9270 1616
3026 6223
5363 3363
9863 9015
2706 4556
6009 1874
6583 5388
8465 1108
9280 5958
1141 4980
3588 6767
3927 8560
5164 3301
6635 5246
2046 9927
9746 1315
1543 9123
7537 3257
2485 3751
2272 1542
4659 4632
9768 1241
19 4584
2348 9299
541 3488
4278 4128
254 4556
2687 5417
4209 5674
7014 6254
5600 6760
7568 3494
5882 1456
3103 4719
5206 5374
6260 9864
6357 2379
7456 6375
6963 9804
5673 3855
3291 6303
7983 9897
7210 7021
1665 1418
2694 8679
4023 4646
1790 1590
4491 7671
3045 7593
2389 4603
9318 5001
818 5674
7379 8274
2049 693
8077 4073
4548 7719
6727 8882
3967 3937
5902 1984
1706 4948
662 5729
5945 2451
3670 6787
6473 3067
4380 5214
4021 3697
214 4838
5723 3944
9463 7771
4637 7539
8195 9184
1610 4922
8065 1928
5210 318
3911 6915
1617 4572
8995 3913
3374 9017
700 6199
2083 1431
1412 6103
5127 7977
7292 7201
1920 6755
1323 2908
4293 9518
8443 2254
791 2859
4182 6000
3177 8092
9266 1145
9016 4613
1410 8741
3629 2109
4939 5711
3539 6350
8165 5017
4326 5456
8570 2598
2210 9892
1857 2855
9409 300
1460 6551
3158 5641
8902 2686
85 8168
3831 5452
9132 1592
4192 2760
3700 9131
4822 3590
1832 2986
4958 2510
4793 3527
1459 7003
3419 3315
6209 9179
3614 7668
2082 6772
3309 983
5809 9745
5502 5991
5196 4633
7582 5739
3744 7633
1221 8565
7574 9405
7902 2532
1914 9047
2410 9724
6049 2180
3038 8609
1359 3004
6276 3440
6127 5936
774 1935
5680 6276
7926 7227
7260 1859
9318 1004
9492 538
5920 7065
9942 174
5948 8207
9220 8358
7930 1620
537 7320
228 8247
323 6503
1686 2801
8791 8812
4735 822
5087 9012
8049 2346
871 7366
9701 362
4255 5621
7426 4197
5794 3374
8755 1365
8083 6685
2984 8619
4004 9563
6866 678
6065 4903
3478 1207
3714 4564
2029 5152
3576 6429
7498 4446
146 7198
1159 4400
9170 4936
4948 4963
4661 3703
2679 2743
6739 5662
1362 7094
5224 4579
7771 7641
9481 7600
8847 9547
2163 7227
4698 2090
3655 8547
6535 152
2097 4045
4552 1266
8981 5851
2581 3641
9553 5259
6384 6291
7273 4097
9736 2496
8675 7506
6488 8155
1457 5335
7701 9972
2561 8751
2061 2568
7297 4948
2719 9393
8992 3622
659 7972
9473 9591
7965 5377
4849 4348
8020 2121
4796 7755
969 3470
1613 7456
7976 3069
9142 5677
3040 8055
779 1453
622 8075
6400 9692
7468 1743
3314 4478
6067 9138
4068 4031
4514 5268
4730 8885
3741 9525
6640 4709
2994 8252
8516 969
7672 7658
2997 7064
5712 3775
8516 2685
1850 1267
8728 5669
3009 2041
146 9075
7530 565
3105 8396
2184 7834
7280 5924
7358 271
6984 6703
8522 1852
7672 6194
9509 7020
3257 1572
795 8124
608 8996
9390 9335
4664 2398
7728 1161
7825 5257
8077 929
4 260
5115 7284
2536 8824
7554 5871
5527 2428
7722 3198
4973 3582
6569 4581
1505 7363
2704 2112
2710 8445
7799 3725
7194 5526
4885 5018
7134 9313
2299 7138
9573 7413
773 8460
6236 4678
682 8114
7105 8404
1311 8429
8337 4232
9361 6194
1594 8416
8305 656
6860 2455
4380 4054
7980 9265
9071 5114
4929 7721
8603 853
5133 9375
9312 7721
404 9994
5834 3861
4749 3497
2289 9437
7728 8002
5630 5673
6417 287
6328 9629
2741 708
3682 721
6324 9104
2186 1252
6825 7140
2105 8309
6514 7768
6029 3269
4113 1863
7129 8861
1711 5770
4650 9438
3771 279
5110 187
565 1438
9815 3306
8497 9848
378 4820
5304 2563
2423 8480
9702 4527
6788 2567
8647 2817
5835 2759
1031 9316
7972 2741
5085 2621
8530 8855
2899 3639
5393 9816
1428 5208
3121 9924
1407 9850
1095 6710
8764 3518
5189 8465
4396 1977
7383 3042
1145 9569
2153 8527
8884 124
7619 320
2744 6148
9174 1994
6138 4567
1809 3918
6126 1281
193 7532
1130 1288
594 9893
1157 5782
4709 1904
4110 8443
4946 1606
4364 7098
6484 9599
3573 4102
9919 6316
6601 5444
4661 9091
10 2822
3008 2487
4102 3200
19 1584
839 6964
7828 8347
2745 8889
251 3207
3683 1548
1164 8046
4997 7648
3997 8569
8101 3915
4884 1054
5710 5896
144 5720
8717 9503
4558 2819
9054 928
754 6245
7891 4933
4591 636
3821 4841
194 3856
6388 1357
8253 1384
5356 2249
6304 9809
2515 1187
7214 8225
3435 3709
296 2151
3211 4853
1321 8616
5781 2074
4860 3671
3359 9451
658 7179
643 7203
7386 3383
4912 5639
1118 6619
7887 7422
6427 6754
4960 9992
1330 8394
3700 1625
545 6910
2829 1865
5526 4961
291 6737
4984 3649
6187 1993
7179 6830
9196 4565
212 459
6555 1329
7077 793
8750 9856
7546 3710
9847 5227
8455 3547
3203 8999
6808 6032
7216 8685
7344 3858
5422 2327
7506 1608
672 1036
4789 9867
1952 5000
6677 8506
2681 3753
5651 7782
3608 9548
7843 9807
4775 6298
3353 7977
5296 160
4008 8863
5197 7704
2720 618
30 6577
8577 7053
7613 3366
6919 5916
4717 9947
4422 7397
3700 6424
1531 3659
5971 9373
3465 745
5670 3169
8722 7318
9681 9081
2532 4877
6784 5252
5494 3166
1828 422
6570 5792
3787 3489
1708 8504
9787 2481
2252 3486
8904 3782
3497 4874
9507 6961
1971 1528
6482 7044
5197 6162
6124 7729
1038 9260
9332 2883
8777 7511
3304 5346
3303 3443
5186 1362
1946 4973
194 549
4810 5449
683 8306
6674 6541
1619 8644
8068 8100
5687 3265
4261 8163
7345 1650
3774 6676
884 8902
538 539
599 192
3981 2137
7905 2278
7109 8098
2827 8270
3546 9861
2928 220
6401 4546
8863 4468
2645 902
4084 3257
5416 7780
4906 9189
807 5789
4442 1345
6327 5040
1536 6660
7176 9441
8937 636
3890 1763
8906 7436
7975 8185
7655 4375
2730 2869
8843 5374
122 9278
4982 5537
7058 9887
1077 7864
2027 5518
9208 4705
558 7096
1364 4085
2888 6653
4721 6777
4767 9978
564 2742
8162 4570
7116 7243
7439 2310
8968 3912
7940 3949
9449 4997
3835 6877
9212 2213
2395 4772
3269 9304
8219 985
3388 1106
7637 4460
4234 2403
789 4798
1496 5302
9367 8612
2544 3157
7273 1511
3421 5212
5459 9221
6560 5645
6097 5772
4209 4843
6895 7478
4146 5113
8462 3886
2570 6098
4697 6803
4852 1838
7952 6348
7139 3671
1311 6035
3179 4935
3897 6599
147 9356
5819 3058
1352 8268
5181 5561
3110 2075
3038 3608
7187 7851
7493 9756
300 8541
2911 5151
378 862
7850 3869
4532 5512
9903 4063
447 3799
661 6945
9506 2832
2 7210
1099 5183
2770 4208
3609 2159
7815 7148
9 1659
6903 6660
200 6165
1810 6929
7027 6012
797 7910
1523 7051
8324 1969
7202 8985
8913 6707
8168 8915
268 9266
449 3037
9825 409
1547 3992
7556 7907
5650 811
4566 2201
6975 2728
5482 353
8739 6278
4615 6613
3329 2938
8582 6882
8274 3846
9940 6441
9112 208
2058 9560
9596 1883
6321 1143
5874 3876
5401 7875
4686 9967
6428 1661
9046 1909
8365 7784
4538 2979
748 4218
5917 9329
1099 4190
3175 1039
631 8638
1246 2688
4550 841
922 870
8335 3147
4745 3736
7374 9431
54 3801
7443 9099
2061 5807
3234 6598
5138 3981
816 1054
9662 1914
1595 9188
9304 8577
7825 549
7617 2374
7742 4890
3243 2428
8037 4340
2515 5410
122 2568
5562 3916
8018 7622
6074 1251
4219 1211
5232 1386
8616 1245
3300 211
432 2603
5139 8256
9504 2755
6982 3597
3997 6576
6024 2033
915 8539
3794 1036
7458 9355
4951 5476
6976 1025
3078 7546
8587 4661
8932 7203
5905 8583
3765 6336
1185 8903
944 7040
8010 7925
636 2006
4500 3012
390 1767
7902 4183
9154 1711
3537 4105
7186 6864
1481 264
761 6419
4924 9692
3621 7181
8274 3737
9868 5811
2640 811
2850 7001
5087 9838
5358 5939
9201 2099
7705 7102
6281 6858
8812 6169
7314 2350
9384 5146
8965 144
1565 240
9836 1537
7420 4461
5274 7288
6623 4265
4450 9473
1265 9537
5662 2974
5475 4862
5072 9531
8315 7704
2740 7126
224 6406
9475 9607
1551 8439
9750 9467
5031 5937
1004 2450
6750 6277
9737 3372
541 4187
2844 8157
75 4857
7482 1901
9718 8905
7783 4384
6608 522
1510 6831
3279 7336
6437 4830
2127 2538
648 7157
4827 1651
9606 1576
7927 5695
4947 4819
6233 7791
2975 2659
8999 6808
4559 5069
5712 8693
9452 2319
5566 7313
5501 8845
4649 8289
3674 3127
7179 673
283 2005
2324 6240
3580 6602
8286 8526
1421 870
2668 747
3528 1667
7555 4438
3087 3266
3130 2538
1937 8696
9851 7437
7540 851
2078 7565
3977 9256
4589 611
1260 6912
6850 4839
3514 1488
3364 1286
2357 2384
2032 2237
4050 5938
3026 7136
9204 2508
6025 1140
1203 2227
4928 5094
3077 7005
9010 7053
6260 3598
4015 3871
6862 7217
8709 6727
8704 8425
8012 7412
808 6395
6000 1209
2333 9026
4696 1536
1533 7072
9027 9087
9299 306
532 2375
3663 5893
5780 6274
5842 9794
145 2703
7010 5205
9429 2065
9981 3792
9477 7140
187 5476
4700 2519
853 9395
406 2385
2819 5784
7823 2117
6089 8354
4491 6103
4246 6622
2377 88
6416 2521
9142 9777
4077 8571
1842 4058
2362 7670
1197 8900
3145 5897
1418 350
1643 8175
2734 4461
3958 557
2929 6399
5262 7420
2501 9508
393 4877
5947 6808
3749 5088
2937 4178
10 4778
8235 8724
2447 5783
7623 1943
8031 5393
8644 6026
3567 1378
6838 7525
8286 9767
275 3547
3538 2775
9406 3930
4004 1704
7090 7752
3144 26
1929 9505
1155 6515
8228 3601
8650 2203
1895 6680
7595 539
2705 1161
8268 5895
5037 2905
5661 5311
2803 9198
4438 2209
3127 8441
264 6568
6192 3407
6593 4473
2912 7747
7339 7491
7699 5988
9693 5946
2668 3639
2836 1724
1152 1103
7618 6188
359 9630
7851 3161
8827 2288
1721 8306
728 1985
4873 3271
1743 1466
7743 1006
5564 5082
8497 3263
7421 4541
5560 88
8180 8395
8164 9331
5849 2133
1870 6207
1763 9720
9367 589
8359 1088
5246 5438
9424 119
8709 1166
7936 2803
2172 9851
4236 7020
9465 1657
1560 5024
8096 9739
3418 6259
5421 9266
8392 7291
1824 154
3362 1191
7094 1721
8630 2340
7158 4405
8810 2218
5570 3097
1373 4093
2947 5608
7464 2412
3616 9024
3787 1712
5114 7205
4322 535
2822 2713
7825 998
9218 7538
8540 2664
5610 7169
1355 9120
7925 164
1337 9846
9612 2709
3939 2558
4669 7754
1321 8284
6777 5108
9995 1891
8664 669
8777 7837
9733 2953
8834 8951
490 7373
7966 6100
893 9320
5219 8817
9483 2907
8663 9094
1968 8953
8003 6636
6706 5676
4919 3483
783 1266
1725 5798
1934 501
3634 1666
3453 2468
6968 294
6192 1285
2745 7085
604 4315
5901 6438
7222 915
1883 5541
9867 9886
2176 6573
1913 3446
6407 2695
1063 4483
4844 2996
4983 8477
1014 4787
7296 4333
1432 9840
5618 4177
6924 6221
8491 9176
9011 2064
91 893
7604 9957
7130 6131
2881 9042
9577 9287
8088 639
3769 2931
9987 5103
7760 7352
6241 1407
1684 7673
1246 3653
8201 8169
6226 3043
3697 5236
5107 3787
6128 9062
95 9610
5193 2976
8651 1121
8614 6739
8111 8735
6021 8097
189 3780
1800 6430
5187 9836
454 2784
3488 8654
953 9713
8048 4649
1300 9506
4787 3780
8568 4881
3389 112
4208 2039
7584 9174
5129 5694
4260 1150
143 4448
1281 1942
7229 2819
1777 7682
5603 5265
2687 2907
1329 7087
3907 8981
6592 8693
2760 5159
9925 2500
1622 485
890 9205
9658 6019
1251 3917
3520 1393
4716 1152
9686 1945
3971 1463
5978 9573
3079 5017
2479 759
8455 6385
9739 5046
1429 8850
6557 1353
7701 8178
1837 8591
3735 7846
961 1337
8114 4480
9081 9182
1983 8766
7478 5953
6580 9807
5525 6010
1175 4355
6769 9629
739 2859
4675 8519
8061 1231
9872 5761
5760 8060
4351 5846
2258 5311
3534 371
6142 2614
9552 4477
7732 3381
429 4311
3188 2306
321 4362
6660 3441
3991 3751
6299 8665
2269 4359
6247 8492
6472 2006
6552 822
4204 8809
2485 7737
5531 4978
351 1435
9454 8082
4815 6235
8744 8002
8540 9064
8716 1551
2504 2706
5301 5155
1370 3922
5865 7616
8765 2336
5973 5316
9510 176
476 1994
4265 2359
3323 967
145 9129
9048 4959
5363 4143
9313 3902
9559 8028
5452 2062
733 7105
3568 8454
7378 9433
2421 6142
1768 4745
7810 7629
1273 4637
9622 5537
6995 9297
6503 7139
8425 1902
8450 3787
2396 4114
4040 1954
8493 5843
368 5577
9299 3935
4030 3028
3367 2802
9170 1487
3898 3331
5467 5170
7967 5089
7058 1314
737 9912
8452 5513
1813 3253
9299 4209
7366 9690
2514 5858
1884 2881
1434 1183
6816 1815
4210 6534
968 9731
4372 4866
3061 9839
35 7380
1279 3445
8693 2015
3356 7144
7527 1521
6749 3177
2081 466
9218 4594
2676 1101
7475 4109
8635 642
2276 9197
7175 3243
5279 7899
4460 4692
7737 847
2071 5367
4291 763
3733 3998
4258 7611
5518 1006
787 7598
1472 6356
2192 4147
3808 6018
4607 8795
6659 3234
7991 185
2829 9621
8083 7288
4312 5819
4486 6382
7537 8776
7144 1269
2774 1402
8879 4643
8759 6017
2241 230
2372 784
728 2532
6801 1687
1326 9811
4920 5668
9995 7748
5288 8078
1388 9600
248 5873
2333 7785
1001 9477
9053 126
7230 4284
4768 5988
300 3360
2570 9024
4143 9649
1555 7295
1335 2880
7105 2607
8547 3452
6706 186
1529 4445
9785 8128
318 2118
2264 7670
7946 1317
4147 5175
1952 8914
7514 2251
2274 83
1274 2768
9732 9180
6415 7418
2059 9871
6376 6957
3322 3082
7143 1202
7526 3279
9330 4195
5396 1593
8216 9693
9261 2362
4867 1212
1276 2381
9815 9901
8815 7440
9020 4898
6620 5434
2316 5030
5305 8691
1987 8626
8124 5481
6180 5650
8759 5509
6196 507
7101 4412
199 2714
6773 5066
3925 4400
3798 91
4300 2612
7531 3320
3862 4150
5105 2529
5531 6761
1219 7517
5387 5695
9349 7918
7696 8108
3426 3891
8614 6878
4654 5164
9591 1427
229 9868
5826 378
9958 6478
9342 3840
6149 3203
7989 1253
5731 3520
8014 3301
7388 9752
5347 6737
7669 3042
1196 7446
6933 9809
4323 1586
4972 266
9364 1553
133 1542
8282 6442
8019 7623
282 519
7177 4622
1771 9259
4493 6136
8912 1881
2239 4258
4969 6259
7300 6164
3704 584
2324 4379
8521 3647
4644 7885
1551 1128
5778 9833
3921 148
3807 4202
666 7336
5176 8788
6594 9668
4924 5505
7900 3514
6115 2868
9773 3414
5383 9828
349 7706
4206 8869
1353 5201
3105 2903
6328 8882
9087 6601
9029 9246
7154 9694
6581 2329
4834 9526
1997 9757
1383 9896
3270 7497
9116 9394
7262 4498
9222 7610
2204 3427
2830 9908
4980 5935
9162 7659
1168 8249
4259 6549
3846 1413
2594 426
3741 7427
6303 2089
7183 7685
1985 6805
5181 7452
2550 8794
1949 1771
6403 4152
1550 9233
411 6529
1519 9573
539 2686
4173 4798
9234 8018
2562 8180
4795 6302
5606 1097
8391 9141
8782 6727
2297 314
4178 4846
9108 6126
2969 1862
6630 4518
1094 7040
7398 8964
2964 7936
1650 7136
9085 7235
5153 1646
1766 9947
4300 7372
1044 9042
6512 6177
5768 5160
6490 6297
5 1949
8774 2973
3811 1755
3842 1256
5147 7591
220 8110
5527 8221
1598 963
1807 3102
2609 3573
3049 6908
944 444
5949 3807
2972 8068
8966 5813
716 5322
7762 9489
4647 1572
7596 8488
9179 2742
6079 9398
7203 7957
3970 8800
8919 5777
1902 1527
9349 1302
4786 6644
8097 7086
450 1068
1505 5767
6880 2220
1088 993
8061 5734
2564 5656
574 8095
8397 6652
7492 1951
960 1462
751 9878
7238 9004
7757 2938
305 8894
9581 4753
5980 6382
5820 3836
2148 9051
6056 9587
44 4116
1673 8959
6123 8598
7053 871
1601 897
2821 2560
8710 3571
2437 2299
2574 6545
5236 9230
5439 1168
3982 7770
7549 6153
1605 6048
5204 4012
5634 1599
4479 3658
557 601
2255 3962
1471 3855
1210 4292
2766 9919
7862 1555
2217 6788
8099 3804
2369 9889
4971 6351
4010 2519
2503 5615
8566 4058
5978 551
2008 457
4209 8917
1057 2815
2878 2528
6670 4087
6819 5787
357 1032
7341 2573
4171 5440
6376 6540
1680 1346
2890 5690
216 1744
7656 8781
2154 3633
9331 4161
4089 9891
3077 5146
2706 2306
4025 5727
2744 7195
1513 3100
8226 8854
2024 8749
645 8399
5288 2324
6096 4529
8013 6311
2624 5668
1443 4777
5653 774
5290 9741
7016 4718
1238 6073
3376 1614
8151 6119
8808 9664
5571 3386
4869 7594
2134 1865
5993 3773
4188 8440
8301 8553
4751 7276
572 6193
8405 6224
3318 46
5965 6686
4763 3554
2758 8138
5168 909
609 327
6924 6179
3712 1792
3772 2197
8 6116
2321 4195
908 6973
2747 5658
4249 3319
8202 2653
5894 7872
2698 8210
4557 3812
1764 3666
8302 3283
4574 8910
9961 1497
1440 3673
9640 1563
2221 9647
4031 4542
194 4938
1514 9292
6947 2114
8962 1500
1118 4856
9371 167
3065 3927
3979 1180
7593 8632
4462 8518
3893 4423
6367 5332
4447 2358
3246 3019
8357 7276
3912 8550
8565 1778
4193 5511
3891 3155
7011 5009
4362 6381
1527 7426
6660 1857
8606 604
488 9419
5473 4380
193 1839
6063 4639
4197 9309
4010 8905
6584 7921
7454 1501
9698 1646
7011 3589
1152 373
4949 5513
3106 2827
2939 9765
4684 7896
6720 5171
7314 2192
5903 3859
383 1965
8497 931
7625 8858
9835 561
6779 3640
2061 6476
1637 9071
6416 2789
9444 7716
8301 2549
543 7591
8665 1578
1838 1736
3100 5504
279 9002
9362 661
7319 4210
7943 4943
3068 7777
5503 9846
7768 7563
2673 9405
6634 5441
2193 2429
9508 6845
1329 6402
788 9993
7979 2625
8080 1079
4480 8358
6432 3841
5371 3750
4403 3313
8693 7470
7442 4195
3667 5209
1758 2691
4613 4743
4483 3157
7171 343
6354 8499
6744 7141
4843 1075
6117 2922
8505 597
7631 4936
789 3001
8686 5191
2666 3730
9012 107
7924 9030
1667 6033
1721 2632
775 2555
2140 4297
2897 8493
9147 9641
5633 3989
7067 8102
3262 5571
8698 893
506 9486
245 5543
1029 2910
9272 40
9368 3548
9070 7387
9580 7142
18 6707
9696 2157
1003 2593
7002 150
8585 8986
490 5651
7087 104
1221 5784
7348 8078
1622 7592
3621 9002
6854 9244
9041 2573
2791 4462
9959 8723
7955 9976
5429 7651
8485 6431
6595 1838
2932 1531
823 9774
7181 7910
9877 4753
3693 3576
9182 1666
1167 9154
667 4372
8398 6060
6945 7540
521 6903
6262 4828
3231 8042
2478 8067
825 5424
9904 3756
6954 726
3529 486
8635 9757
1590 8680
3332 771
6697 851
9925 7364
5222 4674
3423 8518
2213 295
5421 4827
5122 5003
9220 3951
9421 44
5726 9324
152 9031
6401 3680
5868 1388
9789 7457
6419 3120
8228 3115
322 4504
478 5544
9177 252
413 7741
6899 5833
8919 2020
7187 4491
2323 6607
4534 8048
2282 4685
3431 8683
4717 9298
70 4505
6755 6488
3976 1334
5954 4298
2189 2784
6193 7717
3035 6605
1809 9933
8790 7080
8305 5976
1570 6979
8935 6103
5026 1216
7140 4808
6250 1856
4106 2671
2712 7212
5510 3039
4897 1464
3688 7085
4247 9880
1153 7281
2837 2961
3566 1626
40 8222
3953 1609
5200 9239
4064 6577
455 1203
1385 3056
9410 5490
5727 8473
9053 1236
1511 3949
2699 5199
7385 6945
1430 8537
578 4266
7849 4143
2243 7889
2364 6196
5849 3915
1786 9912
491 8592
7466 1875
1648 6875
3716 7374
5347 2768
8609 6858
3068 1308
8408 6804
4604 9837
1692 5181
455 9541
5675 2697
3781 4390
5244 9629
8304 7030
5893 8795
5621 3358
7021 3620
233 737
993 1931
9856 9602
5140 9276
7261 9899
6079 1864
9736 4123
7045 6542
3663 9071
5590 3795
3461 834
9775 1764
4215 5667
6910 6187
5377 3931
9807 1961
1019 799
3891 874
6752 9031
6501 4012
8929 8932
2228 5016
3054 5624
7909 3068
4694 3499
6862 8154
684 6636
6270 4898
8655 3179
7436 4031
7109 3594
5991 8127
745 9881
5353 7496
5263 8205
7860 544
7136 87
1911 189
5710 9820
3256 6755
3318 6469
4909 4001
3105 1178
5250 1759
708 9037
2141 7817
2631 8131
2295 3375
8011 3999
7222 9626
2204 5081
169 9339
1519 2079
5880 3580
8250 5487
335 1567
1956 1595
1919 1412
2772 7168
9522 3479
6205 1662
7647 5187
9792 6294
8561 4154
292 5782
131 2495
7215 6651
8186 8733
8730 417
2313 3331
5903 2647
4898 4210
4241 3168
1973 3364
6688 1494
3194 9244
9507 7193
4430 5650
3486 2990
6156 129
5123 6286
8976 2337
2937 7161
1070 8018
7577 9734
1348 9831
8732 2597
4041 9324
5765 2365
2687 2452
3859 2232
1695 9717
5776 6124
5367 5613
5465 1522
5742 587
7807 4717
9276 7095
1877 345
5112 5805
78 2812
1987 5161
5408 6027
4484 1172
8392 3522
9975 8602
5753 8021
8318 7881
496 3684
3493 5960
1557 9234
2899 9364
3950 2174
6458 2178
8870 7922
4334 5299
733 6321
459 6140
8699 4942
3664 3442
8463 9990
2043 567
8011 6713
8447 8506
6748 1940
818 8305
1173 3716
4020 1475
5889 6829
4 4758
4750 4338
56 5482
7010 514
7974 5708
1807 7989
9150 269
7978 7544
835 2340
4256 9282
846 7356
1221 1663
5660 8745
1730 9679
6571 7618
6507 6575
8727 7609
7264 5134
3090 4273
1999 7415
6332 3805
5403 5481
4073 9733
9377 1259
2072 9984
6892 9269
7339 4464
931 2998
3209 2660
9028 9779
6629 1887
2705 1707
9495 9968
6840 8936
592 8838
6351 6924
8994 8105
8756 9418
7837 8132
677 6261
8116 7568
5529 1806
2032 6460
1156 1592
5471 183
7722 8452
8421 427
158 7915
6746 6998
6851 7338
2187 9553
4261 1181
7657 3016
598 1846
1148 7626
8106 5615
1546 3634
7420 9929
6445 4927
1520 1916
5110 9241
6719 3530
6019 6876
7797 2765
3873 4647
6454 2412
4199 714
3592 8207
3729 541
52 1228
8167 8157
3194 6064
8143 6966
5992 4587
1892 7511
2854 3353
3103 9572
3235 5474
6448 1031
4590 6672
2029 1043
9083 2579
1756 9026
785 1836
9567 7189
9416 4085
5345 8961
6500 9839
5926 2491
778 7818
6353 3631
7522 9455
9555 756
1280 2354
1786 5869
5377 3814
6911 812
6392 5018
9837 3529
3206 5755
717 2621
6191 2413
1581 2690
2252 3859
5180 3029
8028 1532
3011 5549
7339 8917
6305 8618
1270 8090
839 2999
8256 7749
3810 999
2767 3646
4527 2324
5753 5243
4944 1943
7656 2876
4633 9907
6734 6164
9287 1113
4048 2297
6662 1386
7566 9318
6355 8835
3759 7193
8185 2014
1294 1994
3013 412
1992 3891
2735 7744
9134 4030
9686 3141
6905 670
9399 9991
6834 8685
7455 7233
7333 4116
8618 4898
3433 1324
85 7192
8517 8269
5557 6162
6615 4921
6573 8606
8812 9307
6349 4297
9688 2386
7437 6592
3056 6835
2934 6241
1871 389
3473 9203
856 8442
453 4289
6117 6889
7832 4633
1509 9740
7146 8123
1013 3718
6728 9824
9376 9428
472 9063
1814 7908
2007 1221
1094 4940
3813 2964
1680 3637
8518 2536
2078 5322
3176 8194
2210 7359
9179 3719
7098 2676
1841 4462
6394 4921
637 2121
4348 1108
7536 6161
9015 9542
3733 6460
833 7545
9423 2513
1181 4293
1400 9610
9614 4575
4156 1824
1933 9686
5542 5382
2361 3734
6196 5106
8654 6832
7227 3002
7940 1114
5514 3306
655 9247
9766 7839
6791 5540
351 4324
9832 8102
3933 9446
2676 8088
1269 960
4125 3162
2694 6486
3247 8889
7943 1901
5720 5169
1254 11
2634 6767
3317 3288
2365 9434
1127 9156
4973 7829
3479 1157
2283 3763
602 4958
8203 8222
2270 2327
7735 1315
5164 981
6555 3107
2881 8626
4627 486
8637 7261
3605 8305
6900 5969
7738 4378
5124 9062
2207 4954
218 841
8717 819
5798 6919
5392 4419
5597 3126
5733 761
4107 2287
3867 3339
913 4845
3825 5901
2105 3781
4205 9005
9749 8294
3382 4873
7355 1940
6178 7573
2780 1246
4743 4930
8164 135
9348 113
3260 1433
873 3718
71 1091
7057 7335
5935 7233
9587 4392
1013 3791
3396 7113
2084 3129
1985 5791
5069 4515
3363 4200
5760 4457
9129 276
943 4829
388 555
2613 7612
4272 9035
5054 7680
6370 7340
1264 5956
1731 8628
6099 1478
5741 4534
4607 4077
324 6027
8591 3686
6578 4351
4495 5707
978 5437
6887 1365
5991 9499
5328 6615
4885 6733
4294 7606
4072 5558
9914 2155
537 6012
9984 6277
545 4590
354 869
6968 8944
906 3546
9646 1752
5604 623
7189 2490
8339 9531
8340 18
6145 9576
6750 6791
7182 7174
8700 7095
9328 9236
3106 9311
5513 2
253 5866
7222 3572
1161 8128
7117 7159
6231 9072
4133 3419
1561 2472
2950 6252
8841 5446
5828 5591
2236 3009
2764 935
6455 8443
171 5912
7753 5683
5913 8005
7900 3135
1577 9060
7614 5045
2570 3844
4117 6703
3615 2029
9174 6564
4633 4366
8361 460
9956 597
9820 9071
1531 2626
7513 1701
8537 5266
3735 4449
9622 1634
3935 7550
7046 1548
8947 9615
1744 3063
6317 5358
1443 1842
8273 6075
6208 6633
2886 2515
3581 9057
1586 5112
1682 9098
6812 218
715 547
1019 337
8532 4953
4238 5577
2853 3184
1544 4596
2598 4212
6305 4041
2406 929
6467 4965
3913 9353
7479 7494
8409 5416
2605 6443
4514 5768
6660 1580
2666 7678
1916 1198
8983 6154
3126 1835
5689 1021
2782 8287
5233 5438
8679 3990
6366 5145
8954 6630
4497 2784
4123 9258
8200 3079
5700 9065
5199 8711
644 7864
6389 8912
5413 5371
1417 4891
3557 7105
5911 6338
1743 7495
1775 421
1484 4492
5566 6789
1121 62
9573 1596
5671 4124
4674 1370
3188 9872
81 183
4088 2821
9094 9500
4543 510
4390 8099
3967 6653
4436 5709
4147 2562
6130 1983
7053 8047
5123 8173
8108 4695
9768 131
5170 794
1500 4709
7017 7932
4892 1104
752 3985
6956 1646
847 1345
9744 4813
4349 531
6873 4848
9444 9354
6830 6496
7400 1952
1021 5508
2999 7140
1990 4520
4285 3489
9229 1302
7773 4120
2405 4876
4456 9360
6522 1654
7057 2617
2818 1405
3148 9691
2604 2591
9044 5785
5439 6444
7737 6459
8303 7087
9950 292
1606 4235
132 834
5536 7904
1305 4292
2780 2113
4 5653
3766 7060
8269 6584
4816 7768
2626 7420
6711 1669
3204 2149
4464 7292
4959 2766
730 4908
9409 8688
5494 9541
5873 7381
3796 7178
1673 2927
9290 1676
8579 9407
5087 3200
5990 9902
967 8615
3673 7677
6636 6877
6177 1099
520 1135
217 1250
2395 9625
9937 7888
5517 2161
5269 9313
9338 3293
2239 4979
1320 7170
4386 6406
6721 6727
2659 7687
1694 6332
1716 8329
9560 7892
5779 79
5379 5995
7680 7773
5620 3968
2012 1136
6129 7280
6800 1818
6924 5391
3149 8243
8912 3886
1000 5632
6964 3659
9670 8657
6342 7737
3337 2253
5629 9116
8683 7359
5110 6363
5131 7081
6682 7142
4569 9162
774 7720
980 7697
3110 480
2292 2021
4365 9643
4004 1328
3301 3674
9985 5994
1410 9673
8246 3390
8788 6929
748 250
9643 2230
3682 2676
9372 8250
1838 6497
5970 9169
545 5431
9648 2836
3804 4012
2479 7807
5339 2131
7832 1675
4477 5594
7700 2722
8983 6487
6002 6083
3088 1996
8312 6770
4672 4035
1371 6509
531 7340
5677 1076
9123 1676
263 2926
5687 9093
732 7377
7576 4916
5404 2052
509 3103
1125 5843
5941 3479
8277 9029
5474 2941
2150 6497
6975 3520
9357 3858
7212 1385
1285 6334
3060 7899
9259 8746
6992 6342
2475 4567
7609 7878
6618 8117
7332 4094
312 9624
7572 8588
8652 3046
1528 7153
5894 4855
673 5251
5064 4236
6635 6348
569 9695
598 6179
4792 7589
8872 7266
8507 6481
1495 1476
4597 5178
5570 1260
4802 3141
9848 9805
2538 1375
6958 4784
2581 3982
34 7644
8217 6668
343 5137
2714 941
1315 7506
4881 6538
4771 3388
3018 2618
1215 3967
7795 6784
5226 2596
6277 1425
2401 5166
2800 9358
9949 5380
9691 6334
9376 7907
3002 9718
3043 5715
7010 709
9572 1891
7246 695
1630 6616
3312 9196
6934 1106
5980 8511
54 8608
9936 2454
125 2735
8163 6426
4466 7853
2759 193
2111 2112
6263 5153
4179 3272
2213 3750
1514 5810
4444 9495
2425 4107
8691 9358
5213 1022
7869 1618
5981 4156
4071 6105
6890 8585
2530 7707
2789 1641
7900 4899
3752 4162
6403 7930
3785 8615
8032 1651
4424 2475
1145 3201
6582 9835
8910 8146
7208 3130
6115 3188
7285 185
9293 526
5121 8174
4585 7909
9814 8836
9159 9918
2997 5561
7847 3133
527 5878
4783 1302
4705 2280
854 7638
8466 9764
2135 5674
9245 8249
8861 6530
4785 4505
3407 6257
9031 7991
517 5196
6826 9675
5113 6174
1587 2960
9307 8465
5189 441
9766 6245
2720 6972
234 1186
6735 8720
3211 2331
6968 8423
5212 8104
9280 8619
4360 8310
6609 1228
3505 9787
902 8618
5960 8840
7929 1618
7304 9469
8411 3422
5714 7482
393 2299
8667 3479
1019 8229
5809 4338
6652 1021
8794 5931
5991 9505
592 8951
733 4096
8737 1634
9065 1049
6826 6993
9018 4129
2814 7428
7550 4879
4910 4294
7177 9928
7772 4547
8157 3581
8885 1160
953 7678
7090 6943
7182 7681
5893 7914
8128 982
5900 7193
8382 2725
537 7399
3205 3350
4827 7107
8228 6088
1400 5405
6015 9172
6303 523
9104 5187
1682 56
9216 8771
3350 2750
2803 5594
7015 931
6575 2914
8123 4956
1990 8659
8707 5195
8361 3533
2301 6588
5972 3700
8344 1986
9223 4647
2509 8326
6185 542
8381 5401
9313 8082
4502 8467
3676 1516
9397 6602
4430 3871
7910 2771
8882 6616
