1000 1000
12 370
472 611
978 77
110 20
161 587
965 297
183 773
427 230
51 864
638 14
105 454
769 205
909 755
793 800
796 469
412 196
992 115
286 874
232 9
807 707
569 826
557 443
551 647
850 934
773 998
764 364
588 934
217 640
474 683
988 895
368 949
970 352
655 853
586 744
277 663
362 231
272 194
664 947
162 700
245 51
207 186
695 31
248 474
212 966
855 267
63 932
607 403
318 575
515 338
912 630
112 70
368 423
669 225
817 496
625 811
334 537
523 525
170 932
315 267
917 839
742 758
257 820
108 72
331 867
652 950
284 554
257 173
53 523
516 522
494 116
807 814
161 730
690 805
578 1000
467 257
527 698
682 819
141 501
583 706
807 850
360 777
772 75
341 773
252 606
563 90
641 656
494 219
376 520
949 781
87 655
169 437
293 732
164 331
242 934
273 674
730 114
570 223
866 612
771 542
687 143
832 381
128 692
281 349
532 358
398 278
871 309
658 354
591 840
298 20
301 193
935 83
353 621
180 986
95 97
130 73
163 488
370 710
513 866
78 947
358 336
352 265
559 753
439 181
453 317
936 987
929 435
560 727
318 785
155 4
633 958
426 89
810 600
775 871
944 24
273 395
234 413
222 420
945 397
746 197
265 638
602 827
873 9
904 216
130 212
158 530
447 404
54 311
427 547
231 7
987 915
195 826
318 686
63 405
793 659
609 322
136 111
262 614
352 13
669 754
25 787
351 710
343 468
148 521
291 12
368 372
772 47
263 853
343 315
760 347
128 628
332 714
923 243
511 289
542 771
663 414
715 842
460 729
755 488
350 192
470 922
852 695
880 30
293 322
359 771
654 212
628 312
927 874
741 607
314 125
917 186
600 250
930 641
624 180
330 902
822 43
589 357
519 5
861 510
907 904
236 309
77 721
444 496
656 523
116 411
407 694
837 418
144 729
267 580
670 12
710 750
12 430
982 782
72 871
108 654
259 963
896 95
25 656
487 412
899 527
296 225
656 626
421 494
591 816
25 512
225 448
214 411
43 282
467 866
52 776
388 573
864 929
781 495
205 735
242 357
132 485
869 635
360 730
831 770
743 886
151 89
353 233
901 825
689 933
580 788
249 917
581 1000
418 219
397 523
728 515
592 353
289 77
113 346
566 462
633 790
935 683
545 12
402 619
117 227
757 11
201 724
594 789
8 985
25 916
112 377
737 209
52 762
615 183
813 613
950 173
116 118
825 816
183 684
759 880
478 205
770 642
47 9
741 426
62 147
222 755
426 42
268 660
715 544
898 19
780 948
559 562
260 903
523 221
904 187
589 688
977 168
739 138
216 1000
441 444
619 203
969 838
691 735
437 968
593 816
944 98
981 812
730 565
875 803
733 710
470 80
268 363
314 757
378 104
553 761
632 676
947 23
558 71
555 978
366 526
44 753
521 409
155 370
256 663
490 183
127 369
700 151
426 702
956 602
690 604
240 822
413 503
626 876
568 615
678 648
570 795
89 104
544 1
494 409
618 463
598 795
927 980
160 411
199 241
661 842
991 52
109 195
922 892
51 662
880 886
347 5
793 351
538 210
464 32
881 958
742 534
576 749
407 791
52 990
913 25
805 172
581 693
413 233
249 628
268 214
798 151
975 610
170 591
753 646
141 713
479 25
657 202
345 34
837 407
490 699
372 335
378 229
215 351
78 602
754 647
561 579
158 64
326 295
564 523
363 344
794 549
717 854
438 783
807 500
161 883
431 487
176 374
977 441
316 39
919 854
264 239
664 466
822 494
847 11
709 208
354 398
378 844
539 798
286 114
935 142
438 666
579 516
9 242
699 423
586 375
569 731
55 766
962 662
506 382
127 880
721 456
825 922
383 815
585 541
275 644
75 52
643 811
190 667
959 611
484 894
421 716
11 543
996 4
504 732
78 880
851 880
759 186
97 57
796 104
784 615
103 137
537 756
861 471
246 64
623 679
511 209
545 351
615 19
26 42
942 423
93 617
746 368
975 429
811 497
263 647
554 930
720 724
427 471
415 515
812 807
318 183
993 501
477 81
820 164
132 819
856 523
472 915
815 67
733 681
311 970
901 18
752 313
851 435
717 444
81 773
578 249
334 145
902 99
6 590
479 801
345 819
592 22
145 376
864 63
431 315
427 601
49 259
504 812
544 381
55 64
639 628
946 34
814 251
105 834
135 609
306 320
139 570
591 709
202 757
85 608
859 231
316 132
753 231
616 909
326 689
677 120
751 963
504 677
788 207
390 426
45 401
392 774
178 18
727 197
614 338
81 741
753 496
267 212
784 987
694 190
379 273
20 84
595 315
779 661
618 555
548 868
156 780
390 947
442 994
159 962
891 731
698 929
212 43
519 859
588 968
170 551
507 476
925 235
977 511
838 841
921 192
742 626
792 883
434 83
819 181
664 307
46 105
774 438
596 261
327 365
908 249
659 219
189 4
521 87
660 282
941 444
269 549
570 379
164 743
807 700
325 697
622 8
197 273
108 699
995 680
198 98
118 227
409 547
210 737
652 701
476 228
819 549
580 38
120 700
349 672
906 199
383 18
174 402
611 928
483 114
846 831
598 64
637 837
192 981
176 884
27 486
253 838
275 597
906 729
142 998
937 140
229 728
272 708
563 88
529 760
793 550
838 36
554 506
732 692
363 984
534 457
594 987
922 26
410 650
906 585
152 135
651 722
154 819
444 810
272 564
339 617
868 738
811 167
568 962
99 492
112 184
52 142
405 684
683 948
52 816
360 505
972 395
33 812
275 992
749 893
239 395
269 494
748 358
602 75
359 406
585 233
993 216
739 974
254 142
265 142
839 405
710 758
641 649
960 951
840 239
872 411
87 221
136 424
504 253
264 155
191 458
36 157
767 236
896 795
1 873
795 325
980 865
880 927
647 347
942 115
677 208
488 421
62 340
684 76
496 452
135 571
580 949
537 313
782 629
81 838
232 104
575 416
96 747
551 733
111 43
738 977
624 866
451 139
583 676
20 837
877 894
971 434
276 961
397 931
148 110
614 938
840 207
462 166
419 195
966 166
383 120
191 435
365 471
93 12
261 908
980 357
937 148
180 26
45 875
509 601
786 244
6 309
574 501
627 593
795 320
198 995
699 999
948 837
505 905
776 981
417 365
522 985
742 323
179 326
948 428
395 197
833 23
222 525
419 325
897 224
62 820
977 482
788 793
410 752
875 205
675 278
374 677
771 215
516 114
952 663
142 538
498 474
560 306
820 116
624 52
233 167
207 267
526 658
950 738
585 326
262 746
690 262
901 473
245 168
118 454
642 469
984 507
258 870
868 552
994 399
958 189
163 480
452 973
773 400
158 145
825 599
71 226
447 495
283 563
268 245
265 774
897 66
249 677
216 82
448 468
847 74
676 759
96 184
593 87
560 148
258 353
257 110
748 226
84 722
991 105
558 721
521 583
160 46
940 423
349 238
805 189
154 237
320 31
471 191
940 926
419 827
876 505
89 107
459 491
816 383
900 880
626 250
286 401
427 916
475 197
884 127
941 243
224 435
651 688
588 223
383 846
896 339
764 556
422 209
270 987
674 662
367 520
461 774
340 902
428 597
501 340
246 239
27 838
566 567
758 917
347 965
236 701
444 452
266 46
204 80
87 587
892 615
675 92
681 410
615 297
92 302
510 308
292 485
221 443
454 227
665 163
970 530
804 89
773 120
856 563
596 594
318 479
319 685
436 843
518 266
189 328
688 588
286 279
406 573
197 588
613 930
385 657
851 969
993 635
457 920
500 235
638 843
103 419
721 203
522 897
759 733
213 160
271 250
570 397
996 931
66 644
452 432
489 91
274 920
729 817
772 559
868 505
641 475
545 489
50 794
359 735
779 665
35 9
717 452
831 712
602 224
366 276
842 861
46 433
631 40
197 565
53 301
320 654
464 299
133 181
888 190
534 772
411 27
336 113
300 285
919 699
526 130
673 530
501 195
738 785
4 390
354 661
153 113
345 701
68 563
348 608
246 826
500 733
841 370
619 168
78 622
345 975
394 751
523 963
658 779
664 194
286 242
42 138
243 280
848 787
460 135
530 877
893 938
152 171
956 82
107 932
395 414
643 9
759 220
682 336
329 972
76 288
328 262
186 169
240 149
347 788
331 496
837 377
637 212
932 120
204 739
419 627
751 481
593 44
669 402
799 768
299 967
159 844
227 57
527 80
110 951
982 341
959 339
600 815
150 606
904 412
291 743
147 204
527 345
188 727
237 363
552 765
531 163
283 488
621 892
974 494
27 382
688 564
735 496
977 676
12 757
993 782
303 573
933 84
305 372
764 648
761 386
214 226
982 709
863 919
413 710
195 905
424 737
55 98
264 101
470 862
979 968
605 260
775 662
871 886
374 327
918 171
939 770
250 566
232 908
563 370
945 435
773 329
323 272
433 907
568 723
910 752
513 787
364 142
194 387
464 495
347 248
181 435
381 887
157 514
28 202
576 327
245 874
114 116
149 748
165 198
945 709
237 870
248 214
749 356
340 953
17 885
